1305031102.1758 1.3405 0.6266 1.6575 0.6574 0.6126 -0.2949 -0.3248
1305031102.2159 1.3303 0.6256 1.6464 0.6579 0.6161 -0.2932 -0.3189
1305031102.2458 1.3230 0.6252 1.6384 0.6590 0.6186 -0.2912 -0.3135
1305031102.2758 1.3160 0.6254 1.6302 0.6609 0.6199 -0.2893 -0.3086
1305031102.3158 1.3066 0.6256 1.6196 0.6621 0.6205 -0.2892 -0.3050
1305031102.3458 1.2991 0.6257 1.6118 0.6619 0.6204 -0.2916 -0.3032
1305031102.3758 1.2922 0.6256 1.6041 0.6617 0.6217 -0.2914 -0.3012
1305031102.4159 1.2830 0.6257 1.5933 0.6614 0.6249 -0.2903 -0.2962
1305031102.4458 1.2757 0.6256 1.5853 0.6631 0.6278 -0.2876 -0.2890
1305031102.4758 1.2683 0.6255 1.5770 0.6644 0.6299 -0.2848 -0.2842
1305031102.5159 1.2582 0.6251 1.5661 0.6652 0.6314 -0.2804 -0.2832
1305031102.5459 1.2509 0.6247 1.5583 0.6654 0.6333 -0.2766 -0.2823
1305031102.5759 1.2434 0.6244 1.5508 0.6651 0.6328 -0.2758 -0.2847
1305031102.6159 1.2336 0.6244 1.5407 0.6650 0.6304 -0.2770 -0.2892
1305031102.6458 1.2263 0.6243 1.5324 0.6654 0.6301 -0.2776 -0.2885
1305031102.6759 1.2190 0.6245 1.5236 0.6665 0.6296 -0.2775 -0.2868
1305031102.7159 1.2089 0.6245 1.5116 0.6668 0.6281 -0.2799 -0.2873
1305031102.7458 1.2012 0.6247 1.5020 0.6683 0.6277 -0.2789 -0.2855
1305031102.7758 1.1937 0.6248 1.4929 0.6685 0.6284 -0.2754 -0.2869
1305031102.8159 1.1843 0.6252 1.4803 0.6697 0.6282 -0.2716 -0.2882
1305031102.8458 1.1772 0.6252 1.4713 0.6695 0.6281 -0.2697 -0.2909
1305031102.8758 1.1707 0.6250 1.4627 0.6683 0.6291 -0.2677 -0.2932
1305031102.9159 1.1622 0.6244 1.4513 0.6675 0.6291 -0.2670 -0.2957
1305031102.9458 1.1561 0.6237 1.4430 0.6654 0.6315 -0.2672 -0.2950
1305031102.9759 1.1501 0.6226 1.4343 0.6640 0.6334 -0.2718 -0.2898
1305031103.0159 1.1424 0.6215 1.4233 0.6649 0.6332 -0.2760 -0.2843
1305031103.0458 1.1371 0.6211 1.4151 0.6653 0.6336 -0.2794 -0.2792
1305031103.0758 1.1322 0.6209 1.4078 0.6664 0.6314 -0.2815 -0.2793
1305031103.1158 1.1257 0.6206 1.3979 0.6676 0.6310 -0.2808 -0.2781
1305031103.1459 1.1211 0.6208 1.3906 0.6691 0.6294 -0.2809 -0.2780
1305031103.1758 1.1165 0.6209 1.3836 0.6694 0.6294 -0.2797 -0.2784
1305031103.2158 1.1110 0.6213 1.3741 0.6731 0.6304 -0.2751 -0.2717
1305031103.2458 1.1074 0.6218 1.3678 0.6767 0.6301 -0.2722 -0.2663
1305031103.2758 1.1045 0.6221 1.3629 0.6784 0.6329 -0.2706 -0.2569
1305031103.3158 1.1019 0.6222 1.3591 0.6762 0.6360 -0.2765 -0.2486
1305031103.3459 1.1009 0.6229 1.3582 0.6777 0.6355 -0.2758 -0.2468
1305031103.3759 1.1003 0.6238 1.3585 0.6796 0.6349 -0.2735 -0.2454
1305031103.4158 1.1011 0.6240 1.3615 0.6793 0.6347 -0.2747 -0.2454
1305031103.4458 1.1030 0.6237 1.3651 0.6783 0.6368 -0.2751 -0.2423
1305031103.4759 1.1052 0.6232 1.3699 0.6763 0.6382 -0.2767 -0.2426
1305031103.5160 1.1096 0.6227 1.3785 0.6731 0.6398 -0.2784 -0.2450
1305031103.5458 1.1132 0.6227 1.3860 0.6708 0.6396 -0.2818 -0.2480
1305031103.5759 1.1172 0.6225 1.3941 0.6692 0.6389 -0.2858 -0.2497
1305031103.6159 1.1235 0.6223 1.4058 0.6683 0.6387 -0.2902 -0.2475
1305031103.6458 1.1284 0.6223 1.4151 0.6672 0.6384 -0.2939 -0.2468
1305031103.6758 1.1337 0.6223 1.4249 0.6659 0.6382 -0.2967 -0.2475
1305031103.7158 1.1411 0.6229 1.4382 0.6652 0.6377 -0.2989 -0.2480
1305031103.7458 1.1473 0.6233 1.4492 0.6638 0.6380 -0.2991 -0.2506
1305031103.7758 1.1535 0.6236 1.4598 0.6615 0.6392 -0.2998 -0.2529
1305031103.8159 1.1627 0.6240 1.4740 0.6607 0.6426 -0.2949 -0.2523
1305031103.8458 1.1695 0.6239 1.4841 0.6596 0.6461 -0.2922 -0.2493
1305031103.8758 1.1769 0.6236 1.4946 0.6579 0.6492 -0.2920 -0.2460
1305031103.9158 1.1871 0.6233 1.5095 0.6545 0.6499 -0.2973 -0.2468
1305031103.9458 1.1950 0.6231 1.5204 0.6533 0.6501 -0.2996 -0.2464
1305031103.9758 1.2033 0.6233 1.5320 0.6526 0.6520 -0.2981 -0.2454
1305031104.0158 1.2138 0.6239 1.5471 0.6506 0.6505 -0.3009 -0.2512
1305031104.0458 1.2214 0.6248 1.5584 0.6493 0.6498 -0.3007 -0.2565
1305031104.0759 1.2292 0.6257 1.5690 0.6489 0.6497 -0.2981 -0.2607
1305031104.1158 1.2390 0.6271 1.5830 0.6490 0.6471 -0.2962 -0.2690
1305031104.1458 1.2461 0.6279 1.5932 0.6475 0.6456 -0.2971 -0.2752
1305031104.1758 1.2535 0.6284 1.6032 0.6471 0.6449 -0.2967 -0.2781
1305031104.2159 1.2636 0.6289 1.6161 0.6475 0.6422 -0.2963 -0.2838
1305031104.2458 1.2705 0.6288 1.6254 0.6465 0.6403 -0.2983 -0.2883
1305031104.2759 1.2775 0.6288 1.6341 0.6458 0.6390 -0.2987 -0.2921
1305031104.3158 1.2866 0.6286 1.6451 0.6463 0.6368 -0.2975 -0.2971
1305031104.3460 1.2930 0.6283 1.6526 0.6469 0.6355 -0.2953 -0.3009
1305031104.3758 1.2990 0.6280 1.6596 0.6473 0.6329 -0.2955 -0.3052
1305031104.4158 1.3074 0.6269 1.6683 0.6483 0.6317 -0.2930 -0.3077
1305031104.4458 1.3135 0.6259 1.6745 0.6486 0.6315 -0.2926 -0.3081
1305031104.4758 1.3197 0.6246 1.6804 0.6485 0.6318 -0.2936 -0.3067
1305031104.5158 1.3282 0.6228 1.6883 0.6475 0.6302 -0.2990 -0.3070
1305031104.5458 1.3351 0.6216 1.6947 0.6472 0.6292 -0.3003 -0.3084
1305031104.5758 1.3416 0.6209 1.7009 0.6458 0.6263 -0.3045 -0.3130
1305031104.6159 1.3511 0.6208 1.7107 0.6452 0.6202 -0.3063 -0.3244
1305031104.6458 1.3585 0.6209 1.7176 0.6446 0.6157 -0.3062 -0.3340
1305031104.6759 1.3655 0.6214 1.7242 0.6437 0.6094 -0.3083 -0.3452
1305031104.7158 1.3742 0.6225 1.7325 0.6421 0.6000 -0.3134 -0.3599
1305031104.7458 1.3807 0.6239 1.7381 0.6411 0.5935 -0.3162 -0.3699
1305031104.7758 1.3866 0.6255 1.7429 0.6402 0.5873 -0.3185 -0.3791
1305031104.8158 1.3929 0.6281 1.7481 0.6404 0.5788 -0.3213 -0.3895
1305031104.8458 1.3963 0.6302 1.7508 0.6404 0.5732 -0.3229 -0.3964
1305031104.8758 1.3987 0.6321 1.7521 0.6409 0.5700 -0.3244 -0.3990
1305031104.9158 1.3995 0.6344 1.7519 0.6420 0.5673 -0.3262 -0.3996
1305031104.9458 1.3983 0.6357 1.7505 0.6413 0.5669 -0.3272 -0.4004
1305031104.9759 1.3960 0.6366 1.7479 0.6427 0.5676 -0.3261 -0.3981
1305031105.0158 1.3905 0.6374 1.7422 0.6448 0.5698 -0.3235 -0.3935
1305031105.0458 1.3851 0.6372 1.7367 0.6454 0.5734 -0.3203 -0.3899
1305031105.0758 1.3788 0.6369 1.7304 0.6471 0.5767 -0.3163 -0.3855
1305031105.1158 1.3690 0.6358 1.7212 0.6474 0.5801 -0.3137 -0.3820
1305031105.1458 1.3606 0.6344 1.7128 0.6473 0.5852 -0.3104 -0.3771
1305031105.1758 1.3518 0.6325 1.7038 0.6498 0.5925 -0.3034 -0.3670
1305031105.2159 1.3392 0.6304 1.6917 0.6495 0.5979 -0.3015 -0.3602
1305031105.2458 1.3298 0.6282 1.6823 0.6491 0.6029 -0.3007 -0.3532
1305031105.2758 1.3204 0.6261 1.6724 0.6503 0.6102 -0.2977 -0.3408
1305031105.3158 1.3087 0.6235 1.6601 0.6514 0.6164 -0.2964 -0.3284
1305031105.3458 1.3001 0.6218 1.6511 0.6524 0.6199 -0.2957 -0.3204
1305031105.3758 1.2914 0.6202 1.6426 0.6517 0.6211 -0.2978 -0.3176
1305031105.4158 1.2797 0.6182 1.6304 0.6519 0.6258 -0.2962 -0.3093
1305031105.4458 1.2713 0.6172 1.6215 0.6526 0.6284 -0.2946 -0.3040
1305031105.4761 1.2627 0.6165 1.6129 0.6528 0.6303 -0.2941 -0.3003
1305031105.5158 1.2514 0.6158 1.6012 0.6543 0.6329 -0.2918 -0.2936
1305031105.5459 1.2427 0.6155 1.5923 0.6558 0.6327 -0.2907 -0.2918
1305031105.5758 1.2340 0.6155 1.5835 0.6561 0.6345 -0.2890 -0.2887
1305031105.6158 1.2225 0.6159 1.5716 0.6578 0.6342 -0.2880 -0.2866
1305031105.6458 1.2135 0.6163 1.5621 0.6589 0.6323 -0.2905 -0.2858
1305031105.6759 1.2048 0.6169 1.5525 0.6602 0.6324 -0.2892 -0.2840
1305031105.7158 1.1932 0.6185 1.5399 0.6606 0.6302 -0.2887 -0.2884
1305031105.7459 1.1842 0.6200 1.5299 0.6617 0.6291 -0.2867 -0.2902
1305031105.7758 1.1754 0.6218 1.5201 0.6626 0.6273 -0.2847 -0.2939
1305031105.8158 1.1637 0.6247 1.5069 0.6641 0.6245 -0.2834 -0.2978
1305031105.8458 1.1555 0.6270 1.4969 0.6649 0.6224 -0.2828 -0.3010
1305031105.8758 1.1474 0.6293 1.4866 0.6677 0.6197 -0.2805 -0.3025
1305031105.9159 1.1379 0.6322 1.4730 0.6733 0.6164 -0.2765 -0.3005
1305031105.9458 1.1309 0.6338 1.4628 0.6755 0.6153 -0.2738 -0.3001
1305031105.9758 1.1246 0.6350 1.4524 0.6780 0.6151 -0.2708 -0.2977
1305031106.0158 1.1165 0.6363 1.4390 0.6812 0.6147 -0.2664 -0.2952
1305031106.0458 1.1105 0.6370 1.4292 0.6831 0.6144 -0.2638 -0.2939
1305031106.0758 1.1051 0.6372 1.4195 0.6852 0.6142 -0.2620 -0.2910
1305031106.1158 1.0977 0.6367 1.4069 0.6869 0.6158 -0.2589 -0.2862
1305031106.1458 1.0925 0.6363 1.3980 0.6894 0.6155 -0.2576 -0.2819
1305031106.1758 1.0886 0.6352 1.3903 0.6912 0.6160 -0.2556 -0.2782
1305031106.2158 1.0833 0.6345 1.3807 0.6919 0.6163 -0.2562 -0.2754
1305031106.2458 1.0803 0.6338 1.3743 0.6939 0.6150 -0.2568 -0.2726
1305031106.2758 1.0767 0.6332 1.3680 0.6931 0.6160 -0.2581 -0.2712
1305031106.3158 1.0733 0.6329 1.3610 0.6967 0.6145 -0.2576 -0.2660
1305031106.3458 1.0716 0.6321 1.3568 0.6968 0.6181 -0.2538 -0.2608
1305031106.3758 1.0707 0.6316 1.3544 0.6961 0.6232 -0.2456 -0.2583
1305031106.4158 1.0713 0.6313 1.3544 0.6948 0.6261 -0.2372 -0.2629
1305031106.4458 1.0731 0.6311 1.3566 0.6926 0.6278 -0.2359 -0.2656
1305031106.4758 1.0754 0.6308 1.3603 0.6909 0.6289 -0.2377 -0.2656
1305031106.5159 1.0802 0.6303 1.3681 0.6884 0.6303 -0.2424 -0.2647
1305031106.5458 1.0845 0.6298 1.3752 0.6861 0.6313 -0.2459 -0.2649
1305031106.5758 1.0895 0.6290 1.3834 0.6847 0.6318 -0.2479 -0.2658
1305031106.6158 1.0968 0.6280 1.3948 0.6818 0.6358 -0.2487 -0.2630
1305031106.6458 1.1032 0.6271 1.4044 0.6801 0.6365 -0.2505 -0.2639
1305031106.6758 1.1105 0.6262 1.4145 0.6781 0.6380 -0.2533 -0.2625
1305031106.7158 1.1207 0.6250 1.4279 0.6757 0.6411 -0.2574 -0.2571
1305031106.7458 1.1288 0.6242 1.4385 0.6738 0.6421 -0.2626 -0.2546
1305031106.7758 1.1374 0.6235 1.4493 0.6721 0.6432 -0.2664 -0.2520
1305031106.8158 1.1492 0.6226 1.4640 0.6712 0.6454 -0.2672 -0.2480
1305031106.8458 1.1585 0.6217 1.4759 0.6683 0.6469 -0.2704 -0.2485
1305031106.8760 1.1680 0.6207 1.4884 0.6646 0.6472 -0.2744 -0.2534
1305031106.9158 1.1813 0.6191 1.5049 0.6616 0.6502 -0.2723 -0.2556
1305031106.9458 1.1909 0.6181 1.5175 0.6586 0.6509 -0.2732 -0.2607
1305031106.9758 1.2012 0.6173 1.5306 0.6559 0.6509 -0.2738 -0.2666
1305031107.0158 1.2140 0.6162 1.5470 0.6538 0.6517 -0.2719 -0.2717
1305031107.0458 1.2234 0.6151 1.5589 0.6532 0.6525 -0.2701 -0.2730
1305031107.0759 1.2324 0.6147 1.5710 0.6512 0.6519 -0.2725 -0.2770
1305031107.1158 1.2443 0.6140 1.5856 0.6496 0.6513 -0.2755 -0.2792
1305031107.1458 1.2530 0.6138 1.5959 0.6503 0.6506 -0.2746 -0.2800
1305031107.1758 1.2611 0.6134 1.6061 0.6487 0.6504 -0.2755 -0.2834
1305031107.2158 1.2721 0.6138 1.6197 0.6470 0.6478 -0.2772 -0.2914
1305031107.2458 1.2794 0.6141 1.6287 0.6460 0.6452 -0.2794 -0.2973
1305031107.2758 1.2872 0.6145 1.6379 0.6457 0.6424 -0.2799 -0.3033
1305031107.3158 1.2967 0.6155 1.6496 0.6426 0.6401 -0.2827 -0.3120
1305031107.3458 1.3029 0.6167 1.6579 0.6407 0.6349 -0.2878 -0.3219
1305031107.3758 1.3088 0.6183 1.6648 0.6409 0.6317 -0.2875 -0.3279
1305031107.4158 1.3142 0.6212 1.6725 0.6400 0.6287 -0.2876 -0.3353
1305031107.4458 1.3161 0.6238 1.6765 0.6391 0.6263 -0.2893 -0.3399
1305031107.4758 1.3174 0.6273 1.6796 0.6402 0.6236 -0.2886 -0.3434
1305031107.5158 1.3185 0.6322 1.6816 0.6416 0.6222 -0.2871 -0.3447
1305031107.5457 1.3185 0.6357 1.6821 0.6449 0.6213 -0.2840 -0.3427
1305031107.5758 1.3189 0.6389 1.6821 0.6470 0.6185 -0.2838 -0.3440
1305031107.6158 1.3180 0.6419 1.6801 0.6480 0.6180 -0.2836 -0.3431
1305031107.6458 1.3180 0.6431 1.6778 0.6498 0.6180 -0.2813 -0.3418
1305031107.6758 1.3176 0.6439 1.6753 0.6498 0.6177 -0.2817 -0.3419
1305031107.7157 1.3174 0.6442 1.6715 0.6509 0.6176 -0.2817 -0.3399
1305031107.7458 1.3172 0.6440 1.6685 0.6516 0.6191 -0.2807 -0.3367
1305031107.7758 1.3164 0.6435 1.6659 0.6500 0.6215 -0.2812 -0.3349
1305031107.8158 1.3161 0.6432 1.6629 0.6517 0.6223 -0.2799 -0.3311
1305031107.8459 1.3154 0.6434 1.6608 0.6515 0.6238 -0.2782 -0.3302
1305031107.8757 1.3145 0.6442 1.6591 0.6494 0.6252 -0.2768 -0.3327
1305031107.9158 1.3144 0.6474 1.6570 0.6501 0.6247 -0.2725 -0.3360
1305031107.9458 1.3129 0.6515 1.6555 0.6491 0.6229 -0.2736 -0.3403
1305031107.9758 1.3116 0.6572 1.6540 0.6494 0.6209 -0.2725 -0.3444
1305031108.0159 1.3097 0.6670 1.6520 0.6485 0.6192 -0.2700 -0.3509
1305031108.0458 1.3079 0.6765 1.6500 0.6523 0.6137 -0.2678 -0.3552
1305031108.0758 1.3061 0.6869 1.6484 0.6566 0.6084 -0.2644 -0.3589
1305031108.1158 1.3037 0.7011 1.6464 0.6562 0.6062 -0.2626 -0.3645
1305031108.1459 1.3017 0.7126 1.6446 0.6579 0.6038 -0.2617 -0.3661
1305031108.1758 1.2994 0.7241 1.6423 0.6605 0.6018 -0.2605 -0.3658
1305031108.2158 1.2973 0.7398 1.6394 0.6615 0.6043 -0.2558 -0.3632
1305031108.2458 1.2964 0.7515 1.6373 0.6616 0.6039 -0.2528 -0.3657
1305031108.2758 1.2952 0.7630 1.6350 0.6629 0.6024 -0.2507 -0.3672
1305031108.3157 1.2942 0.7777 1.6311 0.6652 0.6039 -0.2480 -0.3624
1305031108.3458 1.2935 0.7885 1.6280 0.6679 0.6040 -0.2476 -0.3574
1305031108.3758 1.2931 0.7993 1.6251 0.6716 0.6031 -0.2488 -0.3513
1305031108.4157 1.2928 0.8138 1.6215 0.6771 0.6005 -0.2510 -0.3435
1305031108.4459 1.2931 0.8249 1.6188 0.6821 0.5980 -0.2504 -0.3382
1305031108.4758 1.2933 0.8361 1.6166 0.6863 0.5937 -0.2526 -0.3358
1305031108.5158 1.2938 0.8512 1.6146 0.6886 0.5882 -0.2526 -0.3406
1305031108.5458 1.2947 0.8625 1.6136 0.6883 0.5864 -0.2492 -0.3467
1305031108.5759 1.2951 0.8741 1.6121 0.6882 0.5859 -0.2469 -0.3495
1305031108.6157 1.2951 0.8897 1.6099 0.6902 0.5816 -0.2436 -0.3550
1305031108.6457 1.2954 0.9010 1.6082 0.6924 0.5797 -0.2410 -0.3557
1305031108.6757 1.2961 0.9123 1.6065 0.6974 0.5760 -0.2360 -0.3552
1305031108.7158 1.2970 0.9260 1.6048 0.7032 0.5711 -0.2296 -0.3559
1305031108.7458 1.2971 0.9357 1.6041 0.7030 0.5706 -0.2284 -0.3578
1305031108.7758 1.2979 0.9441 1.6036 0.7059 0.5678 -0.2264 -0.3578
1305031108.8159 1.2998 0.9533 1.6037 0.7103 0.5635 -0.2259 -0.3562
1305031108.9458 1.3065 0.9607 1.6101 0.7116 0.5550 -0.2481 -0.3522
1305031108.9758 1.3078 0.9577 1.6117 0.7091 0.5569 -0.2526 -0.3512
1305031109.0157 1.3093 0.9516 1.6135 0.7080 0.5591 -0.2530 -0.3494
1305031109.0458 1.3099 0.9452 1.6145 0.7052 0.5612 -0.2543 -0.3510
1305031109.0757 1.3099 0.9380 1.6149 0.7026 0.5658 -0.2531 -0.3495
1305031109.1157 1.3102 0.9266 1.6154 0.7016 0.5698 -0.2506 -0.3469
1305031109.1457 1.3109 0.9167 1.6161 0.6992 0.5734 -0.2510 -0.3454
1305031109.1757 1.3104 0.9063 1.6158 0.6956 0.5770 -0.2555 -0.3434
1305031109.2157 1.3106 0.8918 1.6143 0.7010 0.5775 -0.2534 -0.3330
1305031109.2457 1.3110 0.8802 1.6134 0.7055 0.5769 -0.2517 -0.3258
1305031109.2757 1.3105 0.8682 1.6133 0.7043 0.5768 -0.2576 -0.3239
1305031109.3157 1.3102 0.8509 1.6133 0.7011 0.5799 -0.2664 -0.3180
1305031109.3457 1.3101 0.8378 1.6131 0.6999 0.5842 -0.2691 -0.3107
1305031109.3757 1.3098 0.8244 1.6131 0.6982 0.5872 -0.2724 -0.3059
1305031109.4158 1.3097 0.8065 1.6132 0.6932 0.5932 -0.2755 -0.3028
1305031109.4457 1.3099 0.7933 1.6134 0.6914 0.5979 -0.2735 -0.2995
1305031109.4758 1.3101 0.7803 1.6141 0.6896 0.6007 -0.2726 -0.2988
1305031109.5158 1.3112 0.7632 1.6156 0.6856 0.6046 -0.2730 -0.2998
1305031109.5458 1.3119 0.7507 1.6168 0.6839 0.6051 -0.2745 -0.3012
1305031109.5757 1.3126 0.7384 1.6177 0.6837 0.6055 -0.2746 -0.3010
1305031109.6158 1.3134 0.7226 1.6187 0.6812 0.6085 -0.2751 -0.3001
1305031109.6457 1.3141 0.7112 1.6187 0.6823 0.6081 -0.2745 -0.2989
1305031109.6757 1.3140 0.6996 1.6183 0.6831 0.6080 -0.2751 -0.2968
1305031109.7157 1.3142 0.6837 1.6170 0.6828 0.6114 -0.2742 -0.2912
1305031109.7457 1.3137 0.6718 1.6156 0.6829 0.6132 -0.2734 -0.2880
1305031109.7758 1.3129 0.6598 1.6146 0.6832 0.6138 -0.2730 -0.2862
1305031109.8157 1.3115 0.6434 1.6126 0.6831 0.6160 -0.2713 -0.2834
1305031109.8457 1.3103 0.6309 1.6106 0.6829 0.6178 -0.2710 -0.2804
1305031109.8758 1.3083 0.6179 1.6084 0.6806 0.6211 -0.2718 -0.2778
1305031109.9158 1.3061 0.6005 1.6057 0.6764 0.6264 -0.2725 -0.2754
1305031109.9457 1.3044 0.5875 1.6033 0.6753 0.6306 -0.2695 -0.2713
1305031109.9758 1.3017 0.5744 1.6007 0.6714 0.6356 -0.2684 -0.2704
1305031110.0157 1.2989 0.5572 1.5975 0.6672 0.6420 -0.2646 -0.2696
1305031110.0457 1.2967 0.5449 1.5952 0.6639 0.6466 -0.2615 -0.2697
1305031110.0757 1.2946 0.5330 1.5928 0.6615 0.6496 -0.2595 -0.2703
1305031110.1157 1.2919 0.5179 1.5900 0.6578 0.6559 -0.2562 -0.2672
1305031110.1458 1.2904 0.5071 1.5883 0.6555 0.6582 -0.2579 -0.2657
1305031110.1757 1.2888 0.4964 1.5865 0.6544 0.6599 -0.2586 -0.2635
1305031110.2158 1.2876 0.4830 1.5847 0.6529 0.6627 -0.2588 -0.2600
1305031110.2457 1.2870 0.4733 1.5840 0.6521 0.6632 -0.2619 -0.2575
1305031110.2757 1.2866 0.4637 1.5838 0.6500 0.6642 -0.2643 -0.2578
1305031110.3157 1.2861 0.4510 1.5832 0.6465 0.6659 -0.2688 -0.2575
1305031110.3457 1.2860 0.4408 1.5829 0.6442 0.6679 -0.2716 -0.2553
1305031110.3757 1.2859 0.4304 1.5825 0.6397 0.6715 -0.2746 -0.2541
1305031110.4157 1.2860 0.4157 1.5816 0.6365 0.6759 -0.2764 -0.2484
1305031110.4457 1.2860 0.4043 1.5804 0.6325 0.6806 -0.2769 -0.2450
1305031110.4757 1.2860 0.3931 1.5794 0.6268 0.6857 -0.2794 -0.2426
1305031110.5157 1.2862 0.3784 1.5782 0.6222 0.6903 -0.2824 -0.2381
1305031110.5457 1.2863 0.3677 1.5768 0.6193 0.6943 -0.2827 -0.2334
1305031110.5757 1.2862 0.3576 1.5752 0.6162 0.6991 -0.2815 -0.2290
1305031110.6157 1.2863 0.3449 1.5740 0.6133 0.7025 -0.2806 -0.2271
1305031110.6457 1.2862 0.3366 1.5735 0.6100 0.7042 -0.2827 -0.2281
1305031110.6757 1.2863 0.3293 1.5729 0.6098 0.7059 -0.2811 -0.2255
1305031110.7157 1.2864 0.3210 1.5723 0.6087 0.7085 -0.2792 -0.2227
1305031110.7457 1.2862 0.3161 1.5722 0.6070 0.7090 -0.2812 -0.2233
1305031110.7758 1.2864 0.3123 1.5722 0.6070 0.7094 -0.2808 -0.2222
1305031110.8157 1.2864 0.3088 1.5718 0.6049 0.7117 -0.2800 -0.2220
1305031110.8457 1.2864 0.3074 1.5716 0.6036 0.7130 -0.2808 -0.2201
1305031110.8757 1.2866 0.3075 1.5715 0.6038 0.7128 -0.2819 -0.2186
1305031110.9158 1.2869 0.3091 1.5709 0.6029 0.7149 -0.2806 -0.2161
1305031110.9457 1.2869 0.3119 1.5701 0.6022 0.7141 -0.2834 -0.2169
1305031110.9757 1.2871 0.3163 1.5693 0.6036 0.7134 -0.2817 -0.2176
1305031111.0157 1.2870 0.3240 1.5684 0.6073 0.7108 -0.2778 -0.2208
1305031111.0458 1.2873 0.3308 1.5680 0.6097 0.7088 -0.2761 -0.2229
1305031111.0757 1.2873 0.3382 1.5672 0.6120 0.7080 -0.2740 -0.2217
1305031111.1157 1.2876 0.3489 1.5672 0.6154 0.7046 -0.2740 -0.2228
1305031111.1457 1.2880 0.3575 1.5675 0.6149 0.7038 -0.2746 -0.2263
1305031111.1757 1.2881 0.3669 1.5680 0.6178 0.7005 -0.2733 -0.2299
1305031111.2157 1.2884 0.3799 1.5686 0.6218 0.6969 -0.2688 -0.2355
1305031111.2458 1.2884 0.3896 1.5690 0.6203 0.6971 -0.2703 -0.2370
1305031111.2757 1.2884 0.4004 1.5699 0.6229 0.6925 -0.2728 -0.2409
1305031111.3157 1.2881 0.4148 1.5703 0.6244 0.6909 -0.2721 -0.2423
1305031111.3457 1.2881 0.4260 1.5703 0.6243 0.6928 -0.2730 -0.2362
1305031111.3757 1.2879 0.4375 1.5709 0.6263 0.6888 -0.2777 -0.2372
1305031111.4157 1.2878 0.4527 1.5715 0.6220 0.6915 -0.2812 -0.2365
1305031111.4457 1.2876 0.4647 1.5718 0.6205 0.6930 -0.2813 -0.2360
1305031111.4760 1.2875 0.4777 1.5727 0.6235 0.6887 -0.2786 -0.2435
1305031111.5157 1.2875 0.4951 1.5742 0.6259 0.6860 -0.2729 -0.2515
1305031111.5458 1.2877 0.5087 1.5754 0.6283 0.6814 -0.2732 -0.2574
1305031111.5758 1.2878 0.5225 1.5764 0.6344 0.6752 -0.2709 -0.2612
1305031111.6157 1.2878 0.5403 1.5773 0.6389 0.6716 -0.2720 -0.2585
1305031111.6457 1.2880 0.5543 1.5785 0.6435 0.6644 -0.2769 -0.2604
1305031111.6757 1.2883 0.5680 1.5793 0.6500 0.6574 -0.2751 -0.2639
1305031111.7157 1.2879 0.5862 1.5797 0.6531 0.6540 -0.2703 -0.2695
1305031111.7457 1.2880 0.6007 1.5803 0.6590 0.6451 -0.2667 -0.2801
1305031111.7757 1.2882 0.6145 1.5805 0.6647 0.6385 -0.2586 -0.2890
1305031111.8157 1.2879 0.6323 1.5807 0.6667 0.6336 -0.2531 -0.2999
1305031111.8458 1.2885 0.6454 1.5805 0.6702 0.6292 -0.2492 -0.3047
1305031111.8757 1.2889 0.6579 1.5802 0.6740 0.6261 -0.2464 -0.3050
1305031111.9157 1.2887 0.6743 1.5801 0.6761 0.6212 -0.2533 -0.3046
1305031111.9457 1.2888 0.6868 1.5802 0.6800 0.6168 -0.2587 -0.3005
1305031111.9758 1.2887 0.6992 1.5803 0.6842 0.6104 -0.2609 -0.3020
1305031112.0157 1.2898 0.7152 1.5811 0.6847 0.6084 -0.2552 -0.3098
1305031112.0458 1.2902 0.7275 1.5817 0.6852 0.6057 -0.2516 -0.3167
1305031112.0757 1.2907 0.7401 1.5825 0.6874 0.6022 -0.2449 -0.3238
1305031112.1157 1.2909 0.7561 1.5833 0.6838 0.6046 -0.2396 -0.3308
1305031112.1457 1.2909 0.7687 1.5836 0.6834 0.6050 -0.2332 -0.3355
1305031112.1757 1.2913 0.7815 1.5839 0.6858 0.6037 -0.2225 -0.3403
1305031112.2158 1.2907 0.7994 1.5855 0.6822 0.6043 -0.2158 -0.3504
1305031112.2457 1.2903 0.8125 1.5871 0.6804 0.6021 -0.2135 -0.3591
1305031112.2757 1.2901 0.8257 1.5889 0.6775 0.6023 -0.2131 -0.3644
1305031112.3157 1.2901 0.8424 1.5916 0.6750 0.6006 -0.2165 -0.3698
1305031112.3458 1.2898 0.8545 1.5933 0.6741 0.5979 -0.2220 -0.3726
1305031112.3757 1.2901 0.8662 1.5946 0.6757 0.5959 -0.2253 -0.3709
1305031112.4157 1.2908 0.8811 1.5957 0.6787 0.5919 -0.2298 -0.3691
1305031112.4457 1.2913 0.8918 1.5969 0.6808 0.5880 -0.2339 -0.3689
1305031112.4757 1.2919 0.9020 1.5976 0.6845 0.5826 -0.2397 -0.3670
