1305031102.1758 1.3405 0.6266 1.6575 0.6574 0.6126 -0.2949 -0.3248
1305031102.2159 1.3303 0.6256 1.6464 0.6579 0.6161 -0.2932 -0.3189
1305031102.2458 1.3230 0.6252 1.6384 0.6590 0.6186 -0.2912 -0.3135
1305031102.2758 1.3160 0.6254 1.6302 0.6609 0.6199 -0.2893 -0.3086
1305031102.3158 1.3066 0.6256 1.6196 0.6621 0.6205 -0.2892 -0.3050
1305031102.3458 1.2991 0.6257 1.6118 0.6619 0.6204 -0.2916 -0.3032
1305031102.3758 1.2922 0.6256 1.6041 0.6617 0.6217 -0.2914 -0.3012
1305031102.4159 1.2830 0.6257 1.5933 0.6614 0.6249 -0.2903 -0.2962
1305031102.4458 1.2757 0.6256 1.5853 0.6631 0.6278 -0.2876 -0.2890
1305031102.4758 1.2683 0.6255 1.5770 0.6644 0.6299 -0.2848 -0.2842
1305031102.5159 1.2582 0.6251 1.5661 0.6652 0.6314 -0.2804 -0.2832
1305031102.5459 1.2509 0.6247 1.5583 0.6654 0.6333 -0.2766 -0.2823
1305031102.5759 1.2434 0.6244 1.5508 0.6651 0.6328 -0.2758 -0.2847
1305031102.6159 1.2336 0.6244 1.5407 0.6650 0.6304 -0.2770 -0.2892
1305031102.6458 1.2263 0.6243 1.5324 0.6654 0.6301 -0.2776 -0.2885
1305031102.6759 1.2190 0.6245 1.5236 0.6665 0.6296 -0.2775 -0.2868
1305031102.7159 1.2089 0.6245 1.5116 0.6668 0.6281 -0.2799 -0.2873
1305031102.7458 1.2012 0.6247 1.5020 0.6683 0.6277 -0.2789 -0.2855
1305031102.7758 1.1937 0.6248 1.4929 0.6685 0.6284 -0.2754 -0.2869
1305031102.8159 1.1843 0.6252 1.4803 0.6697 0.6282 -0.2716 -0.2882
1305031102.8458 1.1772 0.6252 1.4713 0.6695 0.6281 -0.2697 -0.2909
1305031102.8758 1.1707 0.6250 1.4627 0.6683 0.6291 -0.2677 -0.2932
1305031102.9159 1.1622 0.6244 1.4513 0.6675 0.6291 -0.2670 -0.2957
1305031102.9458 1.1561 0.6237 1.4430 0.6654 0.6315 -0.2672 -0.2950
1305031102.9759 1.1501 0.6226 1.4343 0.6640 0.6334 -0.2718 -0.2898
1305031103.0159 1.1424 0.6215 1.4233 0.6649 0.6332 -0.2760 -0.2843
1305031103.0458 1.1371 0.6211 1.4151 0.6653 0.6336 -0.2794 -0.2792
1305031103.0758 1.1322 0.6209 1.4078 0.6664 0.6314 -0.2815 -0.2793
1305031103.1158 1.1257 0.6206 1.3979 0.6676 0.6310 -0.2808 -0.2781
1305031103.1459 1.1211 0.6208 1.3906 0.6691 0.6294 -0.2809 -0.2780
1305031103.1758 1.1165 0.6209 1.3836 0.6694 0.6294 -0.2797 -0.2784
1305031103.2158 1.1110 0.6213 1.3741 0.6731 0.6304 -0.2751 -0.2717
1305031103.2458 1.1074 0.6218 1.3678 0.6767 0.6301 -0.2722 -0.2663
1305031103.2758 1.1045 0.6221 1.3629 0.6784 0.6329 -0.2706 -0.2569
1305031103.3158 1.1019 0.6222 1.3591 0.6762 0.6360 -0.2765 -0.2486
1305031103.3459 1.1009 0.6229 1.3582 0.6777 0.6355 -0.2758 -0.2468
1305031103.3759 1.1003 0.6238 1.3585 0.6796 0.6349 -0.2735 -0.2454
1305031103.4158 1.1011 0.6240 1.3615 0.6793 0.6347 -0.2747 -0.2454
1305031103.4458 1.1030 0.6237 1.3651 0.6783 0.6368 -0.2751 -0.2423
1305031103.4759 1.1052 0.6232 1.3699 0.6763 0.6382 -0.2767 -0.2426
1305031103.5160 1.1096 0.6227 1.3785 0.6731 0.6398 -0.2784 -0.2450
1305031103.5458 1.1132 0.6227 1.3860 0.6708 0.6396 -0.2818 -0.2480
1305031103.5759 1.1172 0.6225 1.3941 0.6692 0.6389 -0.2858 -0.2497
1305031103.6159 1.1235 0.6223 1.4058 0.6683 0.6387 -0.2902 -0.2475
1305031103.6458 1.1284 0.6223 1.4151 0.6672 0.6384 -0.2939 -0.2468
1305031103.6758 1.1337 0.6223 1.4249 0.6659 0.6382 -0.2967 -0.2475
1305031103.7158 1.1411 0.6229 1.4382 0.6652 0.6377 -0.2989 -0.2480
1305031103.7458 1.1473 0.6233 1.4492 0.6638 0.6380 -0.2991 -0.2506
1305031103.7758 1.1535 0.6236 1.4598 0.6615 0.6392 -0.2998 -0.2529
1305031103.8159 1.1627 0.6240 1.4740 0.6607 0.6426 -0.2949 -0.2523
1305031103.8458 1.1695 0.6239 1.4841 0.6596 0.6461 -0.2922 -0.2493
1305031103.8758 1.1769 0.6236 1.4946 0.6579 0.6492 -0.2920 -0.2460
1305031103.9158 1.1871 0.6233 1.5095 0.6545 0.6499 -0.2973 -0.2468
1305031103.9458 1.1950 0.6231 1.5204 0.6533 0.6501 -0.2996 -0.2464
1305031103.9758 1.2033 0.6233 1.5320 0.6526 0.6520 -0.2981 -0.2454
1305031104.0158 1.2138 0.6239 1.5471 0.6506 0.6505 -0.3009 -0.2512
1305031104.0458 1.2214 0.6248 1.5584 0.6493 0.6498 -0.3007 -0.2565
1305031104.0759 1.2292 0.6257 1.5690 0.6489 0.6497 -0.2981 -0.2607
1305031104.1158 1.2390 0.6271 1.5830 0.6490 0.6471 -0.2962 -0.2690
1305031104.1458 1.2461 0.6279 1.5932 0.6475 0.6456 -0.2971 -0.2752
1305031104.1758 1.2535 0.6284 1.6032 0.6471 0.6449 -0.2967 -0.2781
1305031104.2159 1.2636 0.6289 1.6161 0.6475 0.6422 -0.2963 -0.2838
1305031104.2458 1.2705 0.6288 1.6254 0.6465 0.6403 -0.2983 -0.2883
1305031104.2759 1.2775 0.6288 1.6341 0.6458 0.6390 -0.2987 -0.2921
1305031104.3158 1.2866 0.6286 1.6451 0.6463 0.6368 -0.2975 -0.2971
1305031104.3460 1.2930 0.6283 1.6526 0.6469 0.6355 -0.2953 -0.3009
1305031104.3758 1.2990 0.6280 1.6596 0.6473 0.6329 -0.2955 -0.3052
1305031104.4158 1.3074 0.6269 1.6683 0.6483 0.6317 -0.2930 -0.3077
1305031104.4458 1.3135 0.6259 1.6745 0.6486 0.6315 -0.2926 -0.3081
1305031104.4758 1.3197 0.6246 1.6804 0.6485 0.6318 -0.2936 -0.3067
1305031104.5158 1.3282 0.6228 1.6883 0.6475 0.6302 -0.2990 -0.3070
1305031104.5458 1.3351 0.6216 1.6947 0.6472 0.6292 -0.3003 -0.3084
1305031104.5758 1.3416 0.6209 1.7009 0.6458 0.6263 -0.3045 -0.3130
1305031104.6159 1.3511 0.6208 1.7107 0.6452 0.6202 -0.3063 -0.3244
1305031104.6458 1.3585 0.6209 1.7176 0.6446 0.6157 -0.3062 -0.3340
1305031104.6759 1.3655 0.6214 1.7242 0.6437 0.6094 -0.3083 -0.3452
1305031104.7158 1.3742 0.6225 1.7325 0.6421 0.6000 -0.3134 -0.3599
1305031104.7458 1.3807 0.6239 1.7381 0.6411 0.5935 -0.3162 -0.3699
1305031104.7758 1.3866 0.6255 1.7429 0.6402 0.5873 -0.3185 -0.3791
1305031104.8158 1.3929 0.6281 1.7481 0.6404 0.5788 -0.3213 -0.3895
1305031104.8458 1.3963 0.6302 1.7508 0.6404 0.5732 -0.3229 -0.3964
1305031104.8758 1.3987 0.6321 1.7521 0.6409 0.5700 -0.3244 -0.3990
1305031104.9158 1.3995 0.6344 1.7519 0.6420 0.5673 -0.3262 -0.3996
1305031104.9458 1.3983 0.6357 1.7505 0.6413 0.5669 -0.3272 -0.4004
1305031104.9759 1.3960 0.6366 1.7479 0.6427 0.5676 -0.3261 -0.3981
1305031105.0158 1.3905 0.6374 1.7422 0.6448 0.5698 -0.3235 -0.3935
1305031105.0458 1.3851 0.6372 1.7367 0.6454 0.5734 -0.3203 -0.3899
1305031105.0758 1.3788 0.6369 1.7304 0.6471 0.5767 -0.3163 -0.3855
1305031105.1158 1.3690 0.6358 1.7212 0.6474 0.5801 -0.3137 -0.3820
1305031105.1458 1.3606 0.6344 1.7128 0.6473 0.5852 -0.3104 -0.3771
1305031105.1758 1.3518 0.6325 1.7038 0.6498 0.5925 -0.3034 -0.3670
1305031105.2159 1.3392 0.6304 1.6917 0.6495 0.5979 -0.3015 -0.3602
1305031105.2458 1.3298 0.6282 1.6823 0.6491 0.6029 -0.3007 -0.3532
1305031105.2758 1.3204 0.6261 1.6724 0.6503 0.6102 -0.2977 -0.3408
1305031105.3158 1.3087 0.6235 1.6601 0.6514 0.6164 -0.2964 -0.3284
1305031105.3458 1.3001 0.6218 1.6511 0.6524 0.6199 -0.2957 -0.3204
1305031105.3758 1.2914 0.6202 1.6426 0.6517 0.6211 -0.2978 -0.3176
1305031105.4158 1.2797 0.6182 1.6304 0.6519 0.6258 -0.2962 -0.3093
1305031105.4458 1.2713 0.6172 1.6215 0.6526 0.6284 -0.2946 -0.3040
1305031105.4761 1.2627 0.6165 1.6129 0.6528 0.6303 -0.2941 -0.3003
1305031105.5158 1.2514 0.6158 1.6012 0.6543 0.6329 -0.2918 -0.2936
1305031105.5459 1.2427 0.6155 1.5923 0.6558 0.6327 -0.2907 -0.2918
1305031105.5758 1.2340 0.6155 1.5835 0.6561 0.6345 -0.2890 -0.2887
1305031105.6158 1.2225 0.6159 1.5716 0.6578 0.6342 -0.2880 -0.2866
1305031105.6458 1.2135 0.6163 1.5621 0.6589 0.6323 -0.2905 -0.2858
1305031105.6759 1.2048 0.6169 1.5525 0.6602 0.6324 -0.2892 -0.2840
1305031105.7158 1.1932 0.6185 1.5399 0.6606 0.6302 -0.2887 -0.2884
1305031105.7459 1.1842 0.6200 1.5299 0.6617 0.6291 -0.2867 -0.2902
1305031105.7758 1.1754 0.6218 1.5201 0.6626 0.6273 -0.2847 -0.2939
1305031105.8158 1.1637 0.6247 1.5069 0.6641 0.6245 -0.2834 -0.2978
1305031105.8458 1.1555 0.6270 1.4969 0.6649 0.6224 -0.2828 -0.3010
1305031105.8758 1.1474 0.6293 1.4866 0.6677 0.6197 -0.2805 -0.3025
1305031105.9159 1.1379 0.6322 1.4730 0.6733 0.6164 -0.2765 -0.3005
1305031105.9458 1.1309 0.6338 1.4628 0.6755 0.6153 -0.2738 -0.3001
1305031105.9758 1.1246 0.6350 1.4524 0.6780 0.6151 -0.2708 -0.2977
1305031106.0158 1.1165 0.6363 1.4390 0.6812 0.6147 -0.2664 -0.2952
1305031106.0458 1.1105 0.6370 1.4292 0.6831 0.6144 -0.2638 -0.2939
1305031106.0758 1.1051 0.6372 1.4195 0.6852 0.6142 -0.2620 -0.2910
1305031106.1158 1.0977 0.6367 1.4069 0.6869 0.6158 -0.2589 -0.2862
1305031106.1458 1.0925 0.6363 1.3980 0.6894 0.6155 -0.2576 -0.2819
1305031106.1758 1.0886 0.6352 1.3903 0.6912 0.6160 -0.2556 -0.2782
1305031106.2158 1.0833 0.6345 1.3807 0.6919 0.6163 -0.2562 -0.2754
1305031106.2458 1.0803 0.6338 1.3743 0.6939 0.6150 -0.2568 -0.2726
1305031106.2758 1.0767 0.6332 1.3680 0.6931 0.6160 -0.2581 -0.2712
1305031106.3158 1.0733 0.6329 1.3610 0.6967 0.6145 -0.2576 -0.2660
1305031106.3458 1.0716 0.6321 1.3568 0.6968 0.6181 -0.2538 -0.2608
1305031106.3758 1.0707 0.6316 1.3544 0.6961 0.6232 -0.2456 -0.2583
1305031106.4158 1.0713 0.6313 1.3544 0.6948 0.6261 -0.2372 -0.2629
1305031106.4458 1.0731 0.6311 1.3566 0.6926 0.6278 -0.2359 -0.2656
1305031106.4758 1.0754 0.6308 1.3603 0.6909 0.6289 -0.2377 -0.2656
1305031106.5159 1.0802 0.6303 1.3681 0.6884 0.6303 -0.2424 -0.2647
1305031106.5458 1.0845 0.6298 1.3752 0.6861 0.6313 -0.2459 -0.2649
1305031106.5758 1.0895 0.6290 1.3834 0.6847 0.6318 -0.2479 -0.2658
1305031106.6158 1.0968 0.6280 1.3948 0.6818 0.6358 -0.2487 -0.2630
1305031106.6458 1.1032 0.6271 1.4044 0.6801 0.6365 -0.2505 -0.2639
1305031106.6758 1.1105 0.6262 1.4145 0.6781 0.6380 -0.2533 -0.2625
1305031106.7158 1.1207 0.6250 1.4279 0.6757 0.6411 -0.2574 -0.2571
1305031106.7458 1.1288 0.6242 1.4385 0.6738 0.6421 -0.2626 -0.2546
1305031106.7758 1.1374 0.6235 1.4493 0.6721 0.6432 -0.2664 -0.2520
1305031106.8158 1.1492 0.6226 1.4640 0.6712 0.6454 -0.2672 -0.2480
1305031106.8458 1.1585 0.6217 1.4759 0.6683 0.6469 -0.2704 -0.2485
1305031106.8760 1.1680 0.6207 1.4884 0.6646 0.6472 -0.2744 -0.2534
1305031106.9158 1.1813 0.6191 1.5049 0.6616 0.6502 -0.2723 -0.2556
1305031106.9458 1.1909 0.6181 1.5175 0.6586 0.6509 -0.2732 -0.2607
1305031106.9758 1.2012 0.6173 1.5306 0.6559 0.6509 -0.2738 -0.2666
1305031107.0158 1.2140 0.6162 1.5470 0.6538 0.6517 -0.2719 -0.2717
1305031107.0458 1.2234 0.6151 1.5589 0.6532 0.6525 -0.2701 -0.2730
1305031107.0759 1.2324 0.6147 1.5710 0.6512 0.6519 -0.2725 -0.2770
1305031107.1158 1.2443 0.6140 1.5856 0.6496 0.6513 -0.2755 -0.2792
1305031107.1458 1.2530 0.6138 1.5959 0.6503 0.6506 -0.2746 -0.2800
1305031107.1758 1.2611 0.6134 1.6061 0.6487 0.6504 -0.2755 -0.2834
1305031107.2158 1.2721 0.6138 1.6197 0.6470 0.6478 -0.2772 -0.2914
1305031107.2458 1.2794 0.6141 1.6287 0.6460 0.6452 -0.2794 -0.2973
1305031107.2758 1.2872 0.6145 1.6379 0.6457 0.6424 -0.2799 -0.3033
1305031107.3158 1.2967 0.6155 1.6496 0.6426 0.6401 -0.2827 -0.3120
1305031107.3458 1.3029 0.6167 1.6579 0.6407 0.6349 -0.2878 -0.3219
1305031107.3758 1.3088 0.6183 1.6648 0.6409 0.6317 -0.2875 -0.3279
1305031107.4158 1.3142 0.6212 1.6725 0.6400 0.6287 -0.2876 -0.3353
1305031107.4458 1.3161 0.6238 1.6765 0.6391 0.6263 -0.2893 -0.3399
1305031107.4758 1.3174 0.6273 1.6796 0.6402 0.6236 -0.2886 -0.3434
1305031107.5158 1.3185 0.6322 1.6816 0.6416 0.6222 -0.2871 -0.3447
1305031107.5457 1.3185 0.6357 1.6821 0.6449 0.6213 -0.2840 -0.3427
1305031107.5758 1.3189 0.6389 1.6821 0.6470 0.6185 -0.2838 -0.3440
1305031107.6158 1.3180 0.6419 1.6801 0.6480 0.6180 -0.2836 -0.3431
1305031107.6458 1.3180 0.6431 1.6778 0.6498 0.6180 -0.2813 -0.3418
1305031107.6758 1.3176 0.6439 1.6753 0.6498 0.6177 -0.2817 -0.3419
1305031107.7157 1.3174 0.6442 1.6715 0.6509 0.6176 -0.2817 -0.3399
1305031107.7458 1.3172 0.6440 1.6685 0.6516 0.6191 -0.2807 -0.3367
1305031107.7758 1.3164 0.6435 1.6659 0.6500 0.6215 -0.2812 -0.3349
1305031107.8158 1.3161 0.6432 1.6629 0.6517 0.6223 -0.2799 -0.3311
1305031107.8459 1.3154 0.6434 1.6608 0.6515 0.6238 -0.2782 -0.3302
1305031107.8757 1.3145 0.6442 1.6591 0.6494 0.6252 -0.2768 -0.3327
1305031107.9158 1.3144 0.6474 1.6570 0.6501 0.6247 -0.2725 -0.3360
1305031107.9458 1.3129 0.6515 1.6555 0.6491 0.6229 -0.2736 -0.3403
1305031107.9758 1.3116 0.6572 1.6540 0.6494 0.6209 -0.2725 -0.3444
1305031108.0159 1.3097 0.6670 1.6520 0.6485 0.6192 -0.2700 -0.3509
1305031108.0458 1.3079 0.6765 1.6500 0.6523 0.6137 -0.2678 -0.3552
1305031108.0758 1.3061 0.6869 1.6484 0.6566 0.6084 -0.2644 -0.3589
1305031108.1158 1.3037 0.7011 1.6464 0.6562 0.6062 -0.2626 -0.3645
1305031108.1459 1.3017 0.7126 1.6446 0.6579 0.6038 -0.2617 -0.3661
1305031108.1758 1.2994 0.7241 1.6423 0.6605 0.6018 -0.2605 -0.3658
1305031108.2158 1.2973 0.7398 1.6394 0.6615 0.6043 -0.2558 -0.3632
1305031108.2458 1.2964 0.7515 1.6373 0.6616 0.6039 -0.2528 -0.3657
1305031108.2758 1.2952 0.7630 1.6350 0.6629 0.6024 -0.2507 -0.3672
1305031108.3157 1.2942 0.7777 1.6311 0.6652 0.6039 -0.2480 -0.3624
1305031108.3458 1.2935 0.7885 1.6280 0.6679 0.6040 -0.2476 -0.3574
1305031108.3758 1.2931 0.7993 1.6251 0.6716 0.6031 -0.2488 -0.3513
1305031108.4157 1.2928 0.8138 1.6215 0.6771 0.6005 -0.2510 -0.3435
1305031108.4459 1.2931 0.8249 1.6188 0.6821 0.5980 -0.2504 -0.3382
1305031108.4758 1.2933 0.8361 1.6166 0.6863 0.5937 -0.2526 -0.3358
1305031108.5158 1.2938 0.8512 1.6146 0.6886 0.5882 -0.2526 -0.3406
1305031108.5458 1.2947 0.8625 1.6136 0.6883 0.5864 -0.2492 -0.3467
1305031108.5759 1.2951 0.8741 1.6121 0.6882 0.5859 -0.2469 -0.3495
1305031108.6157 1.2951 0.8897 1.6099 0.6902 0.5816 -0.2436 -0.3550
1305031108.6457 1.2954 0.9010 1.6082 0.6924 0.5797 -0.2410 -0.3557
1305031108.6757 1.2961 0.9123 1.6065 0.6974 0.5760 -0.2360 -0.3552
1305031108.7158 1.2970 0.9260 1.6048 0.7032 0.5711 -0.2296 -0.3559
1305031108.7458 1.2971 0.9357 1.6041 0.7030 0.5706 -0.2284 -0.3578
1305031108.7758 1.2979 0.9441 1.6036 0.7059 0.5678 -0.2264 -0.3578
1305031108.8159 1.2998 0.9533 1.6037 0.7103 0.5635 -0.2259 -0.3562
1305031108.9458 1.3065 0.9607 1.6101 0.7116 0.5550 -0.2481 -0.3522
1305031108.9758 1.3078 0.9577 1.6117 0.7091 0.5569 -0.2526 -0.3512
1305031109.0157 1.3093 0.9516 1.6135 0.7080 0.5591 -0.2530 -0.3494
1305031109.0458 1.3099 0.9452 1.6145 0.7052 0.5612 -0.2543 -0.3510
1305031109.0757 1.3099 0.9380 1.6149 0.7026 0.5658 -0.2531 -0.3495
1305031109.1157 1.3102 0.9266 1.6154 0.7016 0.5698 -0.2506 -0.3469
1305031109.1457 1.3109 0.9167 1.6161 0.6992 0.5734 -0.2510 -0.3454
1305031109.1757 1.3104 0.9063 1.6158 0.6956 0.5770 -0.2555 -0.3434
1305031109.2157 1.3106 0.8918 1.6143 0.7010 0.5775 -0.2534 -0.3330
1305031109.2457 1.3110 0.8802 1.6134 0.7055 0.5769 -0.2517 -0.3258
1305031109.2757 1.3105 0.8682 1.6133 0.7043 0.5768 -0.2576 -0.3239
1305031109.3157 1.3102 0.8509 1.6133 0.7011 0.5799 -0.2664 -0.3180
1305031109.3457 1.3101 0.8378 1.6131 0.6999 0.5842 -0.2691 -0.3107
1305031109.3757 1.3098 0.8244 1.6131 0.6982 0.5872 -0.2724 -0.3059
1305031109.4158 1.3097 0.8065 1.6132 0.6932 0.5932 -0.2755 -0.3028
1305031109.4457 1.3099 0.7933 1.6134 0.6914 0.5979 -0.2735 -0.2995
1305031109.4758 1.3101 0.7803 1.6141 0.6896 0.6007 -0.2726 -0.2988
1305031109.5158 1.3112 0.7632 1.6156 0.6856 0.6046 -0.2730 -0.2998
1305031109.5458 1.3119 0.7507 1.6168 0.6839 0.6051 -0.2745 -0.3012
1305031109.5757 1.3126 0.7384 1.6177 0.6837 0.6055 -0.2746 -0.3010
1305031109.6158 1.3134 0.7226 1.6187 0.6812 0.6085 -0.2751 -0.3001
1305031109.6457 1.3141 0.7112 1.6187 0.6823 0.6081 -0.2745 -0.2989
1305031109.6757 1.3140 0.6996 1.6183 0.6831 0.6080 -0.2751 -0.2968
1305031109.7157 1.3142 0.6837 1.6170 0.6828 0.6114 -0.2742 -0.2912
1305031109.7457 1.3137 0.6718 1.6156 0.6829 0.6132 -0.2734 -0.2880
1305031109.7758 1.3129 0.6598 1.6146 0.6832 0.6138 -0.2730 -0.2862
1305031109.8157 1.3115 0.6434 1.6126 0.6831 0.6160 -0.2713 -0.2834
1305031109.8457 1.3103 0.6309 1.6106 0.6829 0.6178 -0.2710 -0.2804
1305031109.8758 1.3083 0.6179 1.6084 0.6806 0.6211 -0.2718 -0.2778
1305031109.9158 1.3061 0.6005 1.6057 0.6764 0.6264 -0.2725 -0.2754
1305031109.9457 1.3044 0.5875 1.6033 0.6753 0.6306 -0.2695 -0.2713
1305031109.9758 1.3017 0.5744 1.6007 0.6714 0.6356 -0.2684 -0.2704
1305031110.0157 1.2989 0.5572 1.5975 0.6672 0.6420 -0.2646 -0.2696
1305031110.0457 1.2967 0.5449 1.5952 0.6639 0.6466 -0.2615 -0.2697
1305031110.0757 1.2946 0.5330 1.5928 0.6615 0.6496 -0.2595 -0.2703
1305031110.1157 1.2919 0.5179 1.5900 0.6578 0.6559 -0.2562 -0.2672
1305031110.1458 1.2904 0.5071 1.5883 0.6555 0.6582 -0.2579 -0.2657
1305031110.1757 1.2888 0.4964 1.5865 0.6544 0.6599 -0.2586 -0.2635
1305031110.2158 1.2876 0.4830 1.5847 0.6529 0.6627 -0.2588 -0.2600
1305031110.2457 1.2870 0.4733 1.5840 0.6521 0.6632 -0.2619 -0.2575
1305031110.2757 1.2866 0.4637 1.5838 0.6500 0.6642 -0.2643 -0.2578
1305031110.3157 1.2861 0.4510 1.5832 0.6465 0.6659 -0.2688 -0.2575
1305031110.3457 1.2860 0.4408 1.5829 0.6442 0.6679 -0.2716 -0.2553
1305031110.3757 1.2859 0.4304 1.5825 0.6397 0.6715 -0.2746 -0.2541
1305031110.4157 1.2860 0.4157 1.5816 0.6365 0.6759 -0.2764 -0.2484
1305031110.4457 1.2860 0.4043 1.5804 0.6325 0.6806 -0.2769 -0.2450
1305031110.4757 1.2860 0.3931 1.5794 0.6268 0.6857 -0.2794 -0.2426
1305031110.5157 1.2862 0.3784 1.5782 0.6222 0.6903 -0.2824 -0.2381
1305031110.5457 1.2863 0.3677 1.5768 0.6193 0.6943 -0.2827 -0.2334
1305031110.5757 1.2862 0.3576 1.5752 0.6162 0.6991 -0.2815 -0.2290
1305031110.6157 1.2863 0.3449 1.5740 0.6133 0.7025 -0.2806 -0.2271
1305031110.6457 1.2862 0.3366 1.5735 0.6100 0.7042 -0.2827 -0.2281
1305031110.6757 1.2863 0.3293 1.5729 0.6098 0.7059 -0.2811 -0.2255
1305031110.7157 1.2864 0.3210 1.5723 0.6087 0.7085 -0.2792 -0.2227
1305031110.7457 1.2862 0.3161 1.5722 0.6070 0.7090 -0.2812 -0.2233
1305031110.7758 1.2864 0.3123 1.5722 0.6070 0.7094 -0.2808 -0.2222
1305031110.8157 1.2864 0.3088 1.5718 0.6049 0.7117 -0.2800 -0.2220
1305031110.8457 1.2864 0.3074 1.5716 0.6036 0.7130 -0.2808 -0.2201
1305031110.8757 1.2866 0.3075 1.5715 0.6038 0.7128 -0.2819 -0.2186
1305031110.9158 1.2869 0.3091 1.5709 0.6029 0.7149 -0.2806 -0.2161
1305031110.9457 1.2869 0.3119 1.5701 0.6022 0.7141 -0.2834 -0.2169
1305031110.9757 1.2871 0.3163 1.5693 0.6036 0.7134 -0.2817 -0.2176
1305031111.0157 1.2870 0.3240 1.5684 0.6073 0.7108 -0.2778 -0.2208
1305031111.0458 1.2873 0.3308 1.5680 0.6097 0.7088 -0.2761 -0.2229
1305031111.0757 1.2873 0.3382 1.5672 0.6120 0.7080 -0.2740 -0.2217
1305031111.1157 1.2876 0.3489 1.5672 0.6154 0.7046 -0.2740 -0.2228
1305031111.1457 1.2880 0.3575 1.5675 0.6149 0.7038 -0.2746 -0.2263
1305031111.1757 1.2881 0.3669 1.5680 0.6178 0.7005 -0.2733 -0.2299
1305031111.2157 1.2884 0.3799 1.5686 0.6218 0.6969 -0.2688 -0.2355
1305031111.2458 1.2884 0.3896 1.5690 0.6203 0.6971 -0.2703 -0.2370
1305031111.2757 1.2884 0.4004 1.5699 0.6229 0.6925 -0.2728 -0.2409
1305031111.3157 1.2881 0.4148 1.5703 0.6244 0.6909 -0.2721 -0.2423
1305031111.3457 1.2881 0.4260 1.5703 0.6243 0.6928 -0.2730 -0.2362
1305031111.3757 1.2879 0.4375 1.5709 0.6263 0.6888 -0.2777 -0.2372
1305031111.4157 1.2878 0.4527 1.5715 0.6220 0.6915 -0.2812 -0.2365
1305031111.4457 1.2876 0.4647 1.5718 0.6205 0.6930 -0.2813 -0.2360
1305031111.4760 1.2875 0.4777 1.5727 0.6235 0.6887 -0.2786 -0.2435
1305031111.5157 1.2875 0.4951 1.5742 0.6259 0.6860 -0.2729 -0.2515
1305031111.5458 1.2877 0.5087 1.5754 0.6283 0.6814 -0.2732 -0.2574
1305031111.5758 1.2878 0.5225 1.5764 0.6344 0.6752 -0.2709 -0.2612
1305031111.6157 1.2878 0.5403 1.5773 0.6389 0.6716 -0.2720 -0.2585
1305031111.6457 1.2880 0.5543 1.5785 0.6435 0.6644 -0.2769 -0.2604
1305031111.6757 1.2883 0.5680 1.5793 0.6500 0.6574 -0.2751 -0.2639
1305031111.7157 1.2879 0.5862 1.5797 0.6531 0.6540 -0.2703 -0.2695
1305031111.7457 1.2880 0.6007 1.5803 0.6590 0.6451 -0.2667 -0.2801
1305031111.7757 1.2882 0.6145 1.5805 0.6647 0.6385 -0.2586 -0.2890
1305031111.8157 1.2879 0.6323 1.5807 0.6667 0.6336 -0.2531 -0.2999
1305031111.8458 1.2885 0.6454 1.5805 0.6702 0.6292 -0.2492 -0.3047
1305031111.8757 1.2889 0.6579 1.5802 0.6740 0.6261 -0.2464 -0.3050
1305031111.9157 1.2887 0.6743 1.5801 0.6761 0.6212 -0.2533 -0.3046
1305031111.9457 1.2888 0.6868 1.5802 0.6800 0.6168 -0.2587 -0.3005
1305031111.9758 1.2887 0.6992 1.5803 0.6842 0.6104 -0.2609 -0.3020
1305031112.0157 1.2898 0.7152 1.5811 0.6847 0.6084 -0.2552 -0.3098
1305031112.0458 1.2902 0.7275 1.5817 0.6852 0.6057 -0.2516 -0.3167
1305031112.0757 1.2907 0.7401 1.5825 0.6874 0.6022 -0.2449 -0.3238
1305031112.1157 1.2909 0.7561 1.5833 0.6838 0.6046 -0.2396 -0.3308
1305031112.1457 1.2909 0.7687 1.5836 0.6834 0.6050 -0.2332 -0.3355
1305031112.1757 1.2913 0.7815 1.5839 0.6858 0.6037 -0.2225 -0.3403
1305031112.2158 1.2907 0.7994 1.5855 0.6822 0.6043 -0.2158 -0.3504
1305031112.2457 1.2903 0.8125 1.5871 0.6804 0.6021 -0.2135 -0.3591
1305031112.2757 1.2901 0.8257 1.5889 0.6775 0.6023 -0.2131 -0.3644
1305031112.3157 1.2901 0.8424 1.5916 0.6750 0.6006 -0.2165 -0.3698
1305031112.3458 1.2898 0.8545 1.5933 0.6741 0.5979 -0.2220 -0.3726
1305031112.3757 1.2901 0.8662 1.5946 0.6757 0.5959 -0.2253 -0.3709
1305031112.4157 1.2908 0.8811 1.5957 0.6787 0.5919 -0.2298 -0.3691
1305031112.4457 1.2913 0.8918 1.5969 0.6808 0.5880 -0.2339 -0.3689
1305031112.4757 1.2919 0.9020 1.5976 0.6845 0.5826 -0.2397 -0.3670
1305031112.5157 1.2931 0.9141 1.5983 0.6879 0.5779 -0.2469 -0.3632
1305031112.5459 1.2936 0.9228 1.5987 0.6880 0.5758 -0.2519 -0.3629
1305031112.5757 1.2947 0.9308 1.5990 0.6908 0.5726 -0.2558 -0.3598
1305031112.6157 1.2959 0.9422 1.5987 0.6977 0.5662 -0.2550 -0.3571
1305031112.6458 1.2967 0.9496 1.5980 0.7034 0.5609 -0.2511 -0.3572
1305031112.6758 1.2973 0.9556 1.5972 0.7056 0.5589 -0.2478 -0.3584
1305031112.7157 1.2980 0.9613 1.5951 0.7086 0.5573 -0.2431 -0.3581
1305031112.7457 1.2979 0.9641 1.5926 0.7120 0.5563 -0.2394 -0.3555
1305031112.7757 1.2979 0.9648 1.5903 0.7143 0.5570 -0.2347 -0.3528
1305031112.8157 1.2984 0.9627 1.5876 0.7128 0.5590 -0.2359 -0.3519
1305031112.8457 1.2985 0.9597 1.5858 0.7127 0.5625 -0.2356 -0.3466
1305031112.8757 1.2982 0.9563 1.5839 0.7148 0.5607 -0.2373 -0.3442
1305031112.9157 1.2983 0.9503 1.5831 0.7154 0.5627 -0.2390 -0.3384
1305031112.9457 1.2985 0.9441 1.5828 0.7140 0.5658 -0.2409 -0.3349
1305031112.9757 1.2988 0.9375 1.5834 0.7124 0.5679 -0.2425 -0.3334
1305031113.0157 1.2980 0.9271 1.5835 0.7117 0.5688 -0.2462 -0.3308
1305031113.0458 1.2982 0.9181 1.5845 0.7113 0.5721 -0.2432 -0.3280
1305031113.0757 1.2979 0.9082 1.5862 0.7063 0.5765 -0.2450 -0.3297
1305031113.1157 1.2978 0.8940 1.5884 0.7019 0.5811 -0.2479 -0.3290
1305031113.1457 1.2980 0.8832 1.5898 0.7031 0.5828 -0.2453 -0.3254
1305031113.1757 1.2985 0.8719 1.5918 0.7045 0.5826 -0.2450 -0.3228
1305031113.2159 1.2974 0.8563 1.5941 0.7022 0.5842 -0.2520 -0.3196
1305031113.2457 1.2964 0.8435 1.5954 0.7023 0.5868 -0.2539 -0.3132
1305031113.2757 1.2956 0.8306 1.5971 0.7021 0.5871 -0.2573 -0.3100
1305031113.3157 1.2943 0.8120 1.5995 0.6991 0.5859 -0.2693 -0.3088
1305031113.3457 1.2926 0.7966 1.6004 0.6957 0.5893 -0.2748 -0.3054
1305031113.3757 1.2905 0.7809 1.6007 0.6941 0.5942 -0.2760 -0.2982
1305031113.4157 1.2875 0.7593 1.6019 0.6911 0.5961 -0.2819 -0.2959
1305031113.4457 1.2851 0.7429 1.6025 0.6858 0.6023 -0.2838 -0.2939
1305031113.4757 1.2828 0.7264 1.6027 0.6831 0.6080 -0.2831 -0.2891
1305031113.5157 1.2801 0.7052 1.6030 0.6810 0.6122 -0.2843 -0.2838
1305031113.5457 1.2786 0.6896 1.6034 0.6771 0.6161 -0.2874 -0.2817
1305031113.5757 1.2772 0.6743 1.6035 0.6737 0.6202 -0.2880 -0.2802
1305031113.6158 1.2762 0.6548 1.6032 0.6707 0.6251 -0.2856 -0.2790
1305031113.6457 1.2760 0.6411 1.6029 0.6704 0.6275 -0.2813 -0.2786
1305031113.6757 1.2753 0.6275 1.6025 0.6683 0.6300 -0.2799 -0.2796
1305031113.7157 1.2752 0.6101 1.6022 0.6661 0.6333 -0.2761 -0.2810
1305031113.7458 1.2739 0.5975 1.6015 0.6635 0.6355 -0.2733 -0.2851
1305031113.7757 1.2732 0.5852 1.6008 0.6611 0.6371 -0.2718 -0.2885
1305031113.8157 1.2718 0.5688 1.5992 0.6601 0.6370 -0.2712 -0.2914
1305031113.8457 1.2707 0.5565 1.5983 0.6584 0.6395 -0.2678 -0.2930
1305031113.8757 1.2698 0.5441 1.5972 0.6550 0.6413 -0.2687 -0.2960
1305031113.9157 1.2687 0.5277 1.5957 0.6538 0.6406 -0.2709 -0.2980
1305031113.9457 1.2680 0.5150 1.5947 0.6521 0.6405 -0.2699 -0.3028
1305031113.9757 1.2674 0.5021 1.5936 0.6483 0.6425 -0.2690 -0.3075
1305031114.0157 1.2658 0.4849 1.5921 0.6426 0.6451 -0.2704 -0.3126
1305031114.0457 1.2648 0.4721 1.5911 0.6407 0.6463 -0.2732 -0.3116
1305031114.0757 1.2638 0.4591 1.5903 0.6383 0.6474 -0.2776 -0.3105
1305031114.1157 1.2622 0.4421 1.5887 0.6326 0.6519 -0.2814 -0.3091
1305031114.1457 1.2609 0.4296 1.5872 0.6296 0.6539 -0.2846 -0.3083
1305031114.1757 1.2599 0.4174 1.5860 0.6274 0.6536 -0.2868 -0.3113
1305031114.2157 1.2582 0.4014 1.5834 0.6247 0.6564 -0.2860 -0.3115
1305031114.2456 1.2570 0.3897 1.5812 0.6215 0.6606 -0.2857 -0.3093
1305031114.2757 1.2556 0.3783 1.5796 0.6187 0.6628 -0.2897 -0.3065
1305031114.3157 1.2537 0.3635 1.5772 0.6162 0.6661 -0.2946 -0.2996
1305031114.3457 1.2527 0.3527 1.5758 0.6138 0.6691 -0.2952 -0.2975
1305031114.3757 1.2514 0.3423 1.5747 0.6106 0.6714 -0.2953 -0.2986
1305031114.4157 1.2498 0.3291 1.5738 0.6060 0.6746 -0.2965 -0.2995
1305031114.4456 1.2484 0.3200 1.5734 0.6041 0.6772 -0.2981 -0.2960
1305031114.4757 1.2468 0.3108 1.5732 0.6015 0.6802 -0.3012 -0.2912
1305031114.5157 1.2440 0.3005 1.5730 0.5982 0.6837 -0.3053 -0.2853
1305031114.5457 1.2420 0.2940 1.5731 0.6002 0.6834 -0.3057 -0.2817
1305031114.5756 1.2405 0.2886 1.5732 0.6030 0.6819 -0.3047 -0.2802
1305031114.6157 1.2383 0.2819 1.5728 0.6057 0.6819 -0.3037 -0.2757
1305031114.6456 1.2372 0.2774 1.5725 0.6054 0.6845 -0.3028 -0.2707
1305031114.6757 1.2364 0.2734 1.5726 0.6039 0.6872 -0.3047 -0.2650
1305031114.7157 1.2361 0.2698 1.5735 0.6030 0.6873 -0.3081 -0.2627
1305031114.7457 1.2364 0.2680 1.5741 0.5991 0.6902 -0.3092 -0.2629
1305031114.7757 1.2367 0.2674 1.5745 0.5970 0.6906 -0.3109 -0.2648
1305031114.8156 1.2378 0.2684 1.5743 0.5964 0.6920 -0.3095 -0.2641
1305031114.8457 1.2388 0.2702 1.5740 0.5947 0.6932 -0.3097 -0.2645
1305031114.8757 1.2397 0.2732 1.5731 0.5954 0.6927 -0.3100 -0.2637
1305031114.9157 1.2413 0.2784 1.5713 0.5951 0.6937 -0.3089 -0.2630
1305031114.9456 1.2421 0.2838 1.5690 0.5953 0.6943 -0.3077 -0.2623
1305031114.9757 1.2430 0.2903 1.5668 0.5957 0.6949 -0.3057 -0.2625
1305031115.0157 1.2438 0.3004 1.5634 0.5973 0.6966 -0.3012 -0.2593
1305031115.0457 1.2440 0.3092 1.5611 0.5981 0.6963 -0.2991 -0.2607
1305031115.0756 1.2434 0.3187 1.5589 0.5985 0.6965 -0.2977 -0.2607
1305031115.1157 1.2432 0.3334 1.5562 0.6044 0.6934 -0.2921 -0.2621
1305031115.1457 1.2421 0.3451 1.5548 0.6069 0.6912 -0.2879 -0.2663
1305031115.1756 1.2407 0.3570 1.5532 0.6080 0.6913 -0.2864 -0.2654
1305031115.2157 1.2386 0.3744 1.5515 0.6122 0.6868 -0.2865 -0.2672
1305031115.2457 1.2363 0.3887 1.5503 0.6134 0.6832 -0.2885 -0.2717
1305031115.2757 1.2342 0.4038 1.5486 0.6174 0.6806 -0.2881 -0.2696
1305031115.3156 1.2318 0.4243 1.5467 0.6238 0.6732 -0.2876 -0.2739
1305031115.3456 1.2300 0.4400 1.5448 0.6266 0.6689 -0.2861 -0.2794
1305031115.3757 1.2288 0.4550 1.5421 0.6302 0.6693 -0.2833 -0.2733
1305031115.4157 1.2272 0.4754 1.5387 0.6321 0.6700 -0.2873 -0.2628
1305031115.4457 1.2263 0.4915 1.5367 0.6368 0.6668 -0.2874 -0.2594
1305031115.4756 1.2257 0.5077 1.5347 0.6407 0.6655 -0.2868 -0.2537
1305031115.5156 1.2260 0.5305 1.5337 0.6486 0.6589 -0.2833 -0.2550
1305031115.5457 1.2264 0.5483 1.5337 0.6547 0.6522 -0.2782 -0.2619
1305031115.5757 1.2269 0.5652 1.5339 0.6597 0.6468 -0.2748 -0.2663
1305031115.6157 1.2283 0.5875 1.5345 0.6658 0.6402 -0.2736 -0.2684
1305031115.6457 1.2292 0.6039 1.5356 0.6712 0.6340 -0.2731 -0.2702
1305031115.6757 1.2306 0.6198 1.5366 0.6767 0.6277 -0.2762 -0.2681
1305031115.7157 1.2327 0.6409 1.5377 0.6843 0.6203 -0.2775 -0.2644
1305031115.7457 1.2339 0.6566 1.5386 0.6894 0.6139 -0.2753 -0.2687
1305031115.7757 1.2350 0.6720 1.5394 0.6948 0.6068 -0.2735 -0.2725
1305031115.8156 1.2368 0.6923 1.5397 0.7038 0.5976 -0.2680 -0.2751
1305031115.8457 1.2382 0.7067 1.5395 0.7101 0.5915 -0.2630 -0.2769
1305031115.8756 1.2392 0.7207 1.5393 0.7136 0.5856 -0.2641 -0.2795
1305031115.9156 1.2405 0.7384 1.5381 0.7188 0.5790 -0.2639 -0.2800
1305031115.9457 1.2412 0.7514 1.5366 0.7237 0.5732 -0.2610 -0.2819
1305031115.9757 1.2420 0.7640 1.5346 0.7283 0.5689 -0.2583 -0.2814
1305031116.0156 1.2427 0.7807 1.5320 0.7343 0.5636 -0.2479 -0.2856
1305031116.0457 1.2424 0.7928 1.5292 0.7376 0.5588 -0.2414 -0.2922
1305031116.0757 1.2429 0.8045 1.5261 0.7436 0.5546 -0.2337 -0.2915
1305031116.1157 1.2426 0.8201 1.5224 0.7495 0.5497 -0.2233 -0.2936
1305031116.1457 1.2433 0.8310 1.5199 0.7538 0.5459 -0.2178 -0.2939
1305031116.1757 1.2430 0.8420 1.5178 0.7564 0.5435 -0.2148 -0.2939
1305031116.2157 1.2437 0.8559 1.5151 0.7611 0.5398 -0.2092 -0.2926
1305031116.2457 1.2446 0.8662 1.5143 0.7644 0.5359 -0.2052 -0.2941
1305031116.2757 1.2456 0.8762 1.5139 0.7676 0.5307 -0.2008 -0.2981
1305031116.3156 1.2474 0.8880 1.5138 0.7730 0.5252 -0.1933 -0.2989
1305031116.3457 1.2489 0.8951 1.5147 0.7742 0.5223 -0.1924 -0.3014
1305031116.3757 1.2501 0.9008 1.5162 0.7730 0.5200 -0.1945 -0.3069
1305031116.4157 1.2524 0.9061 1.5176 0.7763 0.5143 -0.1968 -0.3067
1305031116.4456 1.2539 0.9077 1.5184 0.7818 0.5086 -0.1960 -0.3027
1305031116.4757 1.2553 0.9070 1.5197 0.7831 0.5065 -0.1963 -0.3026
1305031116.5157 1.2562 0.9025 1.5217 0.7794 0.5098 -0.1974 -0.3060
1305031116.5456 1.2567 0.8968 1.5234 0.7772 0.5120 -0.1966 -0.3085
1305031116.5757 1.2568 0.8889 1.5245 0.7756 0.5150 -0.1968 -0.3074
1305031116.6157 1.2565 0.8755 1.5265 0.7689 0.5239 -0.2002 -0.3071
1305031116.6457 1.2561 0.8637 1.5276 0.7623 0.5320 -0.2045 -0.3068
1305031116.6756 1.2562 0.8510 1.5290 0.7572 0.5395 -0.2053 -0.3056
1305031116.7157 1.2560 0.8326 1.5308 0.7495 0.5493 -0.2051 -0.3073
1305031116.7457 1.2560 0.8181 1.5317 0.7434 0.5586 -0.2034 -0.3066
1305031116.7757 1.2560 0.8034 1.5326 0.7376 0.5670 -0.2025 -0.3057
1305031116.8156 1.2565 0.7834 1.5341 0.7291 0.5757 -0.2058 -0.3076
1305031116.8456 1.2564 0.7678 1.5346 0.7228 0.5833 -0.2114 -0.3044
1305031116.8757 1.2569 0.7518 1.5351 0.7187 0.5893 -0.2146 -0.3002
1305031116.9157 1.2585 0.7299 1.5352 0.7132 0.5973 -0.2200 -0.2934
1305031116.9456 1.2580 0.7134 1.5345 0.7038 0.6080 -0.2271 -0.2888
1305031116.9756 1.2593 0.6965 1.5339 0.6956 0.6171 -0.2313 -0.2860
1305031117.0157 1.2605 0.6751 1.5325 0.6856 0.6269 -0.2391 -0.2824
1305031117.0457 1.2614 0.6601 1.5312 0.6804 0.6332 -0.2426 -0.2780
1305031117.0757 1.2623 0.6464 1.5294 0.6750 0.6396 -0.2456 -0.2736
1305031117.1159 1.2641 0.6296 1.5266 0.6714 0.6439 -0.2535 -0.2653
1305031117.1457 1.2651 0.6182 1.5246 0.6688 0.6478 -0.2570 -0.2589
1305031117.1756 1.2659 0.6088 1.5228 0.6641 0.6538 -0.2586 -0.2541
1305031117.2157 1.2652 0.5995 1.5208 0.6616 0.6566 -0.2613 -0.2506
1305031117.2456 1.2646 0.5941 1.5194 0.6611 0.6598 -0.2575 -0.2476
1305031117.2756 1.2636 0.5904 1.5187 0.6599 0.6626 -0.2532 -0.2479
1305031117.3156 1.2625 0.5870 1.5188 0.6604 0.6638 -0.2494 -0.2470
1305031117.3457 1.2617 0.5855 1.5198 0.6599 0.6641 -0.2495 -0.2475
1305031117.3757 1.2608 0.5844 1.5218 0.6595 0.6643 -0.2499 -0.2476
1305031117.4156 1.2588 0.5834 1.5257 0.6591 0.6633 -0.2532 -0.2480
1305031117.4456 1.2566 0.5830 1.5291 0.6590 0.6623 -0.2557 -0.2484
1305031117.4757 1.2539 0.5827 1.5331 0.6594 0.6612 -0.2576 -0.2484
1305031117.5156 1.2494 0.5822 1.5391 0.6587 0.6594 -0.2624 -0.2501
1305031117.5456 1.2454 0.5817 1.5436 0.6575 0.6590 -0.2644 -0.2520
1305031117.5757 1.2406 0.5813 1.5479 0.6559 0.6598 -0.2659 -0.2524
1305031117.6157 1.2326 0.5812 1.5534 0.6557 0.6597 -0.2682 -0.2507
1305031117.6457 1.2261 0.5814 1.5575 0.6550 0.6593 -0.2711 -0.2505
1305031117.6756 1.2190 0.5818 1.5614 0.6554 0.6601 -0.2713 -0.2473
1305031117.7156 1.2091 0.5826 1.5668 0.6568 0.6586 -0.2743 -0.2439
1305031117.7457 1.2011 0.5831 1.5712 0.6574 0.6575 -0.2770 -0.2425
1305031117.7757 1.1931 0.5836 1.5755 0.6583 0.6577 -0.2772 -0.2392
1305031117.8156 1.1813 0.5839 1.5814 0.6587 0.6557 -0.2813 -0.2388
1305031117.8457 1.1729 0.5843 1.5863 0.6599 0.6542 -0.2810 -0.2398
1305031117.8757 1.1638 0.5845 1.5909 0.6606 0.6535 -0.2793 -0.2422
1305031117.9156 1.1516 0.5848 1.5966 0.6605 0.6532 -0.2784 -0.2440
1305031117.9456 1.1422 0.5847 1.6006 0.6612 0.6525 -0.2774 -0.2453
1305031117.9756 1.1327 0.5846 1.6043 0.6618 0.6533 -0.2747 -0.2445
1305031118.0157 1.1201 0.5849 1.6095 0.6622 0.6536 -0.2733 -0.2440
1305031118.0457 1.1105 0.5849 1.6136 0.6626 0.6531 -0.2727 -0.2452
1305031118.0757 1.1014 0.5850 1.6175 0.6623 0.6539 -0.2709 -0.2456
1305031118.1156 1.0891 0.5854 1.6229 0.6633 0.6527 -0.2670 -0.2506
1305031118.1457 1.0804 0.5855 1.6272 0.6628 0.6529 -0.2648 -0.2536
1305031118.1756 1.0718 0.5857 1.6316 0.6625 0.6532 -0.2628 -0.2559
1305031118.2156 1.0609 0.5861 1.6377 0.6624 0.6507 -0.2651 -0.2599
1305031118.2456 1.0533 0.5863 1.6424 0.6614 0.6513 -0.2663 -0.2596
1305031118.2757 1.0455 0.5865 1.6468 0.6603 0.6499 -0.2690 -0.2632
1305031118.3156 1.0358 0.5871 1.6525 0.6575 0.6486 -0.2741 -0.2678
1305031118.3457 1.0289 0.5875 1.6560 0.6570 0.6477 -0.2744 -0.2711
1305031118.3756 1.0228 0.5881 1.6591 0.6553 0.6481 -0.2748 -0.2740
1305031118.4156 1.0155 0.5892 1.6615 0.6547 0.6477 -0.2781 -0.2729
1305031118.4457 1.0114 0.5904 1.6623 0.6568 0.6457 -0.2788 -0.2719
1305031118.4757 1.0084 0.5914 1.6626 0.6575 0.6447 -0.2803 -0.2711
1305031118.5156 1.0065 0.5929 1.6617 0.6576 0.6434 -0.2820 -0.2720
1305031118.5456 1.0068 0.5938 1.6597 0.6578 0.6444 -0.2804 -0.2710
1305031118.5756 1.0084 0.5945 1.6572 0.6585 0.6446 -0.2788 -0.2706
1305031118.6156 1.0125 0.5948 1.6530 0.6574 0.6458 -0.2763 -0.2728
1305031118.6456 1.0173 0.5950 1.6493 0.6570 0.6474 -0.2731 -0.2732
1305031118.6756 1.0227 0.5947 1.6451 0.6568 0.6487 -0.2712 -0.2726
1305031118.7156 1.0319 0.5945 1.6396 0.6540 0.6512 -0.2712 -0.2734
1305031118.7456 1.0394 0.5945 1.6353 0.6530 0.6508 -0.2754 -0.2724
1305031118.7756 1.0474 0.5942 1.6301 0.6533 0.6529 -0.2746 -0.2675
1305031118.8156 1.0602 0.5943 1.6238 0.6523 0.6544 -0.2750 -0.2657
1305031118.8456 1.0705 0.5944 1.6198 0.6524 0.6518 -0.2776 -0.2692
1305031118.8756 1.0815 0.5940 1.6149 0.6514 0.6530 -0.2755 -0.2710
1305031118.9156 1.0966 0.5930 1.6085 0.6499 0.6544 -0.2741 -0.2724
1305031118.9456 1.1082 0.5920 1.6040 0.6489 0.6549 -0.2730 -0.2746
1305031118.9756 1.1199 0.5907 1.5993 0.6466 0.6582 -0.2704 -0.2748
1305031119.0157 1.1354 0.5887 1.5928 0.6463 0.6602 -0.2682 -0.2731
1305031119.0456 1.1470 0.5873 1.5884 0.6460 0.6608 -0.2677 -0.2727
1305031119.0757 1.1582 0.5858 1.5842 0.6446 0.6616 -0.2699 -0.2719
1305031119.1156 1.1733 0.5838 1.5788 0.6439 0.6619 -0.2735 -0.2693
1305031119.1457 1.1842 0.5821 1.5748 0.6439 0.6624 -0.2748 -0.2666
1305031119.1757 1.1950 0.5805 1.5711 0.6425 0.6631 -0.2780 -0.2650
1305031119.2156 1.2086 0.5789 1.5658 0.6425 0.6609 -0.2821 -0.2661
1305031119.2457 1.2182 0.5776 1.5620 0.6420 0.6608 -0.2834 -0.2662
1305031119.2756 1.2279 0.5766 1.5576 0.6430 0.6611 -0.2822 -0.2644
1305031119.3156 1.2401 0.5758 1.5520 0.6444 0.6590 -0.2841 -0.2639
1305031119.3457 1.2488 0.5752 1.5479 0.6441 0.6589 -0.2864 -0.2627
1305031119.3756 1.2574 0.5742 1.5432 0.6442 0.6592 -0.2872 -0.2608
1305031119.4156 1.2690 0.5730 1.5365 0.6457 0.6578 -0.2863 -0.2617
1305031119.4456 1.2776 0.5721 1.5313 0.6460 0.6571 -0.2856 -0.2633
1305031119.4756 1.2867 0.5713 1.5263 0.6460 0.6570 -0.2839 -0.2654
1305031119.5157 1.2985 0.5698 1.5187 0.6470 0.6566 -0.2832 -0.2648
1305031119.5456 1.3071 0.5687 1.5128 0.6480 0.6555 -0.2835 -0.2648
1305031119.5756 1.3157 0.5675 1.5066 0.6493 0.6559 -0.2805 -0.2636
1305031119.6156 1.3267 0.5658 1.4979 0.6510 0.6555 -0.2782 -0.2631
1305031119.6456 1.3350 0.5640 1.4912 0.6525 0.6559 -0.2754 -0.2613
1305031119.6756 1.3427 0.5626 1.4841 0.6535 0.6565 -0.2711 -0.2615
1305031119.7157 1.3528 0.5617 1.4748 0.6593 0.6542 -0.2649 -0.2593
1305031119.7457 1.3599 0.5604 1.4681 0.6614 0.6527 -0.2652 -0.2574
1305031119.7756 1.3669 0.5593 1.4616 0.6626 0.6523 -0.2655 -0.2548
1305031119.8156 1.3763 0.5583 1.4534 0.6672 0.6488 -0.2659 -0.2516
1305031119.8456 1.3828 0.5575 1.4475 0.6693 0.6476 -0.2648 -0.2502
1305031119.8757 1.3896 0.5565 1.4425 0.6695 0.6463 -0.2646 -0.2532
1305031119.9155 1.3982 0.5550 1.4358 0.6715 0.6457 -0.2620 -0.2521
1305031119.9456 1.4037 0.5539 1.4312 0.6721 0.6462 -0.2592 -0.2520
1305031119.9756 1.4092 0.5528 1.4271 0.6731 0.6456 -0.2562 -0.2540
1305031120.0156 1.4156 0.5515 1.4219 0.6773 0.6453 -0.2496 -0.2502
1305031120.0456 1.4190 0.5505 1.4190 0.6779 0.6461 -0.2479 -0.2480
1305031120.0756 1.4217 0.5495 1.4172 0.6786 0.6447 -0.2508 -0.2469
1305031120.1156 1.4236 0.5489 1.4163 0.6801 0.6450 -0.2503 -0.2425
1305031120.1456 1.4232 0.5490 1.4171 0.6809 0.6440 -0.2508 -0.2425
1305031120.1756 1.4215 0.5495 1.4192 0.6823 0.6415 -0.2524 -0.2434
1305031120.2156 1.4178 0.5500 1.4235 0.6797 0.6414 -0.2558 -0.2474
1305031120.2456 1.4136 0.5503 1.4272 0.6780 0.6422 -0.2563 -0.2493
1305031120.2757 1.4087 0.5510 1.4316 0.6771 0.6422 -0.2565 -0.2516
1305031120.3156 1.4000 0.5523 1.4377 0.6742 0.6434 -0.2581 -0.2548
1305031120.3456 1.3927 0.5535 1.4425 0.6734 0.6436 -0.2582 -0.2562
1305031120.3756 1.3845 0.5551 1.4474 0.6730 0.6435 -0.2592 -0.2566
1305031120.4156 1.3724 0.5572 1.4544 0.6698 0.6417 -0.2661 -0.2623
1305031120.4456 1.3631 0.5589 1.4593 0.6690 0.6414 -0.2678 -0.2630
1305031120.4756 1.3537 0.5605 1.4640 0.6686 0.6408 -0.2697 -0.2636
1305031120.5156 1.3409 0.5625 1.4704 0.6661 0.6383 -0.2784 -0.2670
1305031120.5456 1.3317 0.5639 1.4749 0.6654 0.6366 -0.2839 -0.2671
1305031120.5756 1.3227 0.5651 1.4790 0.6656 0.6354 -0.2885 -0.2648
1305031120.6156 1.3107 0.5663 1.4845 0.6643 0.6332 -0.2961 -0.2647
1305031120.6456 1.3018 0.5674 1.4888 0.6625 0.6322 -0.3009 -0.2662
1305031120.6757 1.2936 0.5689 1.4932 0.6638 0.6327 -0.2993 -0.2636
1305031120.7156 1.2814 0.5709 1.4988 0.6627 0.6316 -0.3027 -0.2651
1305031120.7457 1.2726 0.5722 1.5033 0.6614 0.6319 -0.3056 -0.2644
1305031120.7756 1.2643 0.5734 1.5081 0.6606 0.6316 -0.3078 -0.2643
1305031120.8156 1.2536 0.5747 1.5146 0.6600 0.6320 -0.3081 -0.2645
1305031120.8456 1.2456 0.5755 1.5194 0.6586 0.6342 -0.3073 -0.2640
1305031120.8756 1.2377 0.5763 1.5244 0.6575 0.6336 -0.3083 -0.2669
1305031120.9156 1.2276 0.5770 1.5309 0.6565 0.6350 -0.3066 -0.2679
1305031120.9457 1.2201 0.5775 1.5358 0.6553 0.6364 -0.3057 -0.2686
1305031120.9757 1.2125 0.5776 1.5407 0.6537 0.6375 -0.3058 -0.2697
1305031121.0156 1.2032 0.5781 1.5475 0.6522 0.6372 -0.3077 -0.2718
1305031121.0456 1.1963 0.5784 1.5526 0.6521 0.6385 -0.3062 -0.2709
1305031121.0756 1.1892 0.5784 1.5581 0.6501 0.6391 -0.3081 -0.2721
1305031121.1156 1.1799 0.5785 1.5653 0.6494 0.6379 -0.3110 -0.2731
1305031121.1456 1.1729 0.5784 1.5708 0.6481 0.6385 -0.3121 -0.2737
1305031121.1756 1.1659 0.5784 1.5762 0.6470 0.6386 -0.3138 -0.2740
1305031121.2156 1.1559 0.5787 1.5838 0.6468 0.6377 -0.3142 -0.2763
1305031121.2456 1.1480 0.5791 1.5890 0.6462 0.6380 -0.3143 -0.2769
1305031121.2756 1.1404 0.5796 1.5942 0.6467 0.6378 -0.3149 -0.2754
1305031121.3156 1.1296 0.5803 1.6012 0.6462 0.6358 -0.3176 -0.2780
1305031121.3456 1.1215 0.5807 1.6063 0.6457 0.6354 -0.3198 -0.2774
1305031121.3756 1.1138 0.5811 1.6115 0.6458 0.6343 -0.3216 -0.2780
1305031121.4156 1.1035 0.5811 1.6190 0.6435 0.6340 -0.3231 -0.2819
1305031121.4456 1.0961 0.5815 1.6241 0.6453 0.6332 -0.3221 -0.2810
1305031121.4756 1.0884 0.5819 1.6294 0.6461 0.6311 -0.3222 -0.2837
1305031121.5156 1.0784 0.5821 1.6366 0.6459 0.6299 -0.3235 -0.2854
1305031121.5456 1.0712 0.5819 1.6414 0.6476 0.6305 -0.3209 -0.2830
1305031121.5756 1.0640 0.5815 1.6464 0.6475 0.6308 -0.3192 -0.2844
1305031121.6156 1.0551 0.5812 1.6529 0.6474 0.6306 -0.3174 -0.2873
1305031121.6456 1.0484 0.5810 1.6573 0.6471 0.6310 -0.3142 -0.2905
1305031121.6756 1.0422 0.5811 1.6613 0.6487 0.6327 -0.3083 -0.2895
1305031121.7156 1.0337 0.5813 1.6661 0.6495 0.6320 -0.3084 -0.2893
1305031121.7457 1.0276 0.5818 1.6690 0.6506 0.6323 -0.3071 -0.2875
1305031121.7756 1.0220 0.5829 1.6715 0.6524 0.6316 -0.3064 -0.2858
1305031121.8156 1.0153 0.5846 1.6744 0.6552 0.6303 -0.3044 -0.2844
1305031121.8457 1.0113 0.5862 1.6751 0.6571 0.6280 -0.3058 -0.2835
1305031121.8756 1.0089 0.5872 1.6757 0.6613 0.6249 -0.3059 -0.2803
1305031121.9156 1.0077 0.5877 1.6756 0.6620 0.6254 -0.3066 -0.2767
1305031121.9456 1.0081 0.5878 1.6748 0.6620 0.6252 -0.3074 -0.2764
1305031121.9756 1.0099 0.5878 1.6733 0.6626 0.6255 -0.3060 -0.2758
1305031122.0156 1.0141 0.5872 1.6702 0.6601 0.6277 -0.3057 -0.2771
1305031122.0456 1.0188 0.5866 1.6671 0.6573 0.6299 -0.3065 -0.2778
1305031122.0756 1.0250 0.5862 1.6636 0.6549 0.6321 -0.3061 -0.2790
1305031122.1156 1.0343 0.5856 1.6577 0.6515 0.6343 -0.3064 -0.2817
1305031122.1456 1.0427 0.5850 1.6527 0.6484 0.6375 -0.3053 -0.2830
1305031122.1756 1.0511 0.5843 1.6471 0.6447 0.6387 -0.3067 -0.2871
1305031122.2156 1.0639 0.5835 1.6386 0.6434 0.6439 -0.2994 -0.2860
1305031122.2456 1.0743 0.5828 1.6324 0.6425 0.6471 -0.2957 -0.2846
1305031122.2759 1.0845 0.5816 1.6261 0.6407 0.6488 -0.2958 -0.2848
1305031122.3156 1.0986 0.5794 1.6172 0.6389 0.6554 -0.2905 -0.2790
1305031122.3456 1.1093 0.5779 1.6111 0.6385 0.6575 -0.2893 -0.2763
1305031122.3756 1.1202 0.5764 1.6056 0.6384 0.6602 -0.2875 -0.2721
1305031122.4156 1.1344 0.5745 1.5991 0.6369 0.6623 -0.2900 -0.2675
1305031122.4455 1.1448 0.5732 1.5946 0.6367 0.6632 -0.2920 -0.2635
1305031122.4756 1.1555 0.5717 1.5901 0.6361 0.6651 -0.2929 -0.2593
1305031122.5156 1.1689 0.5695 1.5840 0.6345 0.6664 -0.2950 -0.2575
1305031122.5455 1.1790 0.5682 1.5796 0.6347 0.6677 -0.2927 -0.2563
1305031122.5756 1.1893 0.5669 1.5752 0.6346 0.6688 -0.2899 -0.2569
1305031122.6157 1.2025 0.5656 1.5691 0.6341 0.6679 -0.2925 -0.2574
1305031122.6456 1.2124 0.5645 1.5645 0.6339 0.6671 -0.2949 -0.2573
1305031122.6756 1.2222 0.5637 1.5594 0.6339 0.6663 -0.2966 -0.2572
1305031122.7156 1.2349 0.5621 1.5526 0.6350 0.6658 -0.2987 -0.2534
1305031122.7456 1.2440 0.5609 1.5469 0.6350 0.6664 -0.2989 -0.2517
1305031122.7756 1.2525 0.5596 1.5405 0.6358 0.6672 -0.2969 -0.2500
1305031122.8156 1.2634 0.5579 1.5326 0.6371 0.6684 -0.2926 -0.2484
1305031122.8456 1.2709 0.5573 1.5271 0.6381 0.6680 -0.2886 -0.2514
1305031122.8756 1.2784 0.5569 1.5217 0.6411 0.6673 -0.2829 -0.2523
1305031122.9156 1.2882 0.5560 1.5150 0.6426 0.6674 -0.2798 -0.2516
1305031122.9456 1.2952 0.5553 1.5104 0.6434 0.6657 -0.2813 -0.2526
1305031122.9755 1.3018 0.5548 1.5059 0.6458 0.6646 -0.2809 -0.2497
1305031123.0155 1.3111 0.5538 1.5003 0.6483 0.6634 -0.2809 -0.2464
1305031123.0456 1.3180 0.5531 1.4963 0.6489 0.6616 -0.2821 -0.2483
1305031123.0756 1.3248 0.5526 1.4916 0.6508 0.6601 -0.2819 -0.2473
1305031123.1156 1.3337 0.5517 1.4846 0.6538 0.6592 -0.2790 -0.2453
1305031123.1456 1.3405 0.5509 1.4791 0.6543 0.6600 -0.2772 -0.2439
1305031123.1756 1.3472 0.5505 1.4729 0.6568 0.6585 -0.2749 -0.2437
1305031123.2155 1.3563 0.5503 1.4639 0.6587 0.6593 -0.2677 -0.2445
1305031123.2456 1.3632 0.5503 1.4560 0.6608 0.6599 -0.2625 -0.2427
1305031123.2756 1.3703 0.5506 1.4485 0.6654 0.6588 -0.2572 -0.2391
1305031123.3156 1.3789 0.5511 1.4387 0.6682 0.6581 -0.2516 -0.2388
1305031123.3456 1.3853 0.5515 1.4318 0.6709 0.6569 -0.2478 -0.2386
1305031123.3756 1.3920 0.5520 1.4253 0.6755 0.6541 -0.2438 -0.2376
1305031123.4156 1.4001 0.5527 1.4175 0.6768 0.6530 -0.2407 -0.2400
1305031123.4456 1.4066 0.5532 1.4119 0.6802 0.6511 -0.2384 -0.2380
1305031123.4756 1.4129 0.5536 1.4064 0.6844 0.6484 -0.2361 -0.2354
1305031123.5155 1.4206 0.5544 1.3996 0.6859 0.6473 -0.2356 -0.2346
1305031123.5456 1.4264 0.5552 1.3945 0.6880 0.6460 -0.2355 -0.2320
1305031123.5755 1.4316 0.5562 1.3897 0.6894 0.6442 -0.2369 -0.2313
1305031123.6155 1.4386 0.5573 1.3830 0.6908 0.6437 -0.2348 -0.2308
1305031123.6456 1.4437 0.5582 1.3782 0.6929 0.6433 -0.2312 -0.2293
1305031123.6756 1.4488 0.5590 1.3736 0.6960 0.6419 -0.2265 -0.2285
1305031123.7155 1.4540 0.5600 1.3684 0.6979 0.6414 -0.2230 -0.2277
1305031123.7455 1.4579 0.5603 1.3659 0.7000 0.6402 -0.2209 -0.2265
1305031123.7755 1.4601 0.5605 1.3642 0.6999 0.6403 -0.2225 -0.2251
1305031123.8155 1.4624 0.5609 1.3636 0.7014 0.6391 -0.2221 -0.2243
1305031123.8455 1.4630 0.5611 1.3641 0.7023 0.6388 -0.2221 -0.2224
1305031123.8755 1.4629 0.5610 1.3656 0.7018 0.6388 -0.2235 -0.2223
1305031123.9155 1.4609 0.5611 1.3681 0.7006 0.6385 -0.2264 -0.2240
1305031123.9455 1.4588 0.5612 1.3698 0.7028 0.6377 -0.2251 -0.2207
1305031123.9756 1.4550 0.5612 1.3720 0.7013 0.6383 -0.2287 -0.2203
1305031124.0155 1.4496 0.5611 1.3760 0.6985 0.6382 -0.2356 -0.2220
1305031124.0455 1.4444 0.5615 1.3791 0.6978 0.6379 -0.2385 -0.2219
1305031124.0756 1.4391 0.5618 1.3823 0.6975 0.6382 -0.2403 -0.2203
1305031124.1155 1.4308 0.5625 1.3878 0.6934 0.6386 -0.2469 -0.2248
1305031124.1456 1.4238 0.5630 1.3913 0.6915 0.6395 -0.2485 -0.2260
1305031124.1756 1.4171 0.5636 1.3954 0.6895 0.6410 -0.2495 -0.2265
1305031124.2155 1.4081 0.5648 1.4017 0.6866 0.6401 -0.2550 -0.2321
1305031124.2455 1.4011 0.5656 1.4064 0.6849 0.6405 -0.2582 -0.2326
1305031124.2755 1.3939 0.5662 1.4109 0.6829 0.6425 -0.2611 -0.2295
1305031124.3155 1.3845 0.5671 1.4185 0.6803 0.6421 -0.2674 -0.2310
1305031124.3455 1.3774 0.5676 1.4241 0.6783 0.6427 -0.2707 -0.2315
1305031124.3755 1.3701 0.5685 1.4303 0.6764 0.6430 -0.2735 -0.2328
1305031124.4155 1.3602 0.5693 1.4392 0.6736 0.6425 -0.2783 -0.2365
1305031124.4456 1.3530 0.5697 1.4463 0.6711 0.6427 -0.2811 -0.2399
1305031124.4756 1.3450 0.5701 1.4533 0.6672 0.6429 -0.2860 -0.2443
1305031124.5155 1.3343 0.5704 1.4625 0.6641 0.6431 -0.2899 -0.2477
1305031124.5455 1.3260 0.5706 1.4692 0.6612 0.6446 -0.2918 -0.2493
1305031124.5755 1.3173 0.5711 1.4759 0.6589 0.6461 -0.2936 -0.2497
1305031124.6155 1.3047 0.5717 1.4846 0.6549 0.6459 -0.3000 -0.2530
1305031124.6456 1.2949 0.5725 1.4915 0.6523 0.6469 -0.3027 -0.2538
1305031124.6756 1.2851 0.5733 1.4985 0.6501 0.6479 -0.3041 -0.2554
1305031124.7155 1.2719 0.5746 1.5073 0.6479 0.6473 -0.3070 -0.2588
1305031124.7455 1.2619 0.5755 1.5140 0.6462 0.6488 -0.3065 -0.2598
1305031124.7755 1.2512 0.5763 1.5202 0.6446 0.6486 -0.3095 -0.2609
1305031124.8155 1.2366 0.5776 1.5282 0.6441 0.6492 -0.3098 -0.2602
1305031124.8455 1.2251 0.5783 1.5338 0.6429 0.6495 -0.3117 -0.2602
1305031124.8756 1.2139 0.5795 1.5396 0.6431 0.6490 -0.3114 -0.2611
1305031124.9156 1.1987 0.5810 1.5462 0.6437 0.6487 -0.3097 -0.2624
1305031124.9456 1.1877 0.5822 1.5504 0.6447 0.6490 -0.3081 -0.2613
1305031124.9758 1.1773 0.5833 1.5552 0.6451 0.6469 -0.3098 -0.2634
1305031125.0155 1.1638 0.5842 1.5618 0.6428 0.6462 -0.3158 -0.2636
1305031125.0455 1.1538 0.5850 1.5660 0.6434 0.6450 -0.3175 -0.2630
1305031125.0755 1.1445 0.5856 1.5704 0.6457 0.6440 -0.3163 -0.2613
1305031125.1155 1.1324 0.5856 1.5766 0.6448 0.6430 -0.3192 -0.2624
1305031125.1456 1.1241 0.5854 1.5817 0.6437 0.6429 -0.3197 -0.2648
1305031125.1756 1.1159 0.5852 1.5861 0.6457 0.6421 -0.3170 -0.2650
1305031125.2155 1.1058 0.5840 1.5920 0.6466 0.6431 -0.3138 -0.2645
1305031125.2456 1.0984 0.5830 1.5968 0.6440 0.6439 -0.3150 -0.2673
1305031125.2756 1.0915 0.5823 1.6014 0.6434 0.6440 -0.3151 -0.2685
1305031125.3155 1.0824 0.5813 1.6068 0.6441 0.6427 -0.3142 -0.2708
1305031125.3462 1.0756 0.5804 1.6109 0.6415 0.6441 -0.3143 -0.2735
1305031125.3756 1.0689 0.5800 1.6143 0.6410 0.6461 -0.3099 -0.2751
1305031125.4156 1.0599 0.5799 1.6180 0.6426 0.6435 -0.3067 -0.2809
1305031125.4455 1.0544 0.5803 1.6205 0.6437 0.6456 -0.3002 -0.2806
1305031125.4756 1.0501 0.5808 1.6235 0.6442 0.6455 -0.2960 -0.2840
1305031125.5156 1.0445 0.5812 1.6257 0.6448 0.6448 -0.2940 -0.2863
1305031125.5455 1.0418 0.5817 1.6273 0.6446 0.6456 -0.2911 -0.2880
1305031125.5755 1.0405 0.5821 1.6285 0.6447 0.6468 -0.2872 -0.2888
1305031125.6156 1.0408 0.5829 1.6300 0.6448 0.6449 -0.2872 -0.2932
1305031125.6455 1.0428 0.5834 1.6309 0.6444 0.6421 -0.2916 -0.2958
1305031125.6756 1.0455 0.5832 1.6307 0.6426 0.6420 -0.2973 -0.2942
1305031125.7155 1.0512 0.5829 1.6296 0.6409 0.6405 -0.3055 -0.2926
1305031125.7455 1.0567 0.5827 1.6282 0.6405 0.6397 -0.3080 -0.2928
1305031125.7755 1.0627 0.5823 1.6256 0.6385 0.6420 -0.3073 -0.2928
1305031125.8155 1.0717 0.5819 1.6214 0.6388 0.6421 -0.3059 -0.2934
1305031125.8455 1.0792 0.5819 1.6179 0.6380 0.6446 -0.3022 -0.2936
1305031125.8755 1.0868 0.5817 1.6136 0.6371 0.6444 -0.3041 -0.2939
1305031125.9155 1.0976 0.5814 1.6067 0.6377 0.6463 -0.3057 -0.2867
1305031125.9457 1.1064 0.5815 1.6019 0.6376 0.6477 -0.3082 -0.2809
1305031125.9755 1.1150 0.5813 1.5963 0.6376 0.6471 -0.3138 -0.2760
1305031126.0155 1.1267 0.5811 1.5877 0.6367 0.6495 -0.3162 -0.2699
1305031126.0455 1.1354 0.5816 1.5803 0.6390 0.6490 -0.3146 -0.2674
1305031126.0756 1.1443 0.5818 1.5727 0.6407 0.6497 -0.3117 -0.2652
1305031126.1155 1.1561 0.5824 1.5622 0.6411 0.6503 -0.3100 -0.2647
1305031126.1455 1.1654 0.5827 1.5543 0.6436 0.6502 -0.3072 -0.2621
1305031126.1755 1.1745 0.5827 1.5457 0.6448 0.6519 -0.3045 -0.2578
1305031126.2155 1.1873 0.5827 1.5349 0.6465 0.6521 -0.3027 -0.2552
1305031126.2455 1.1969 0.5824 1.5267 0.6472 0.6524 -0.3011 -0.2547
1305031126.2755 1.2065 0.5821 1.5189 0.6486 0.6533 -0.2971 -0.2536
1305031126.3155 1.2190 0.5814 1.5090 0.6506 0.6552 -0.2894 -0.2525
1305031126.3456 1.2281 0.5806 1.5017 0.6515 0.6556 -0.2854 -0.2536
1305031126.3757 1.2366 0.5798 1.4951 0.6517 0.6565 -0.2823 -0.2541
1305031126.4155 1.2483 0.5788 1.4867 0.6526 0.6589 -0.2765 -0.2520
1305031126.4455 1.2569 0.5782 1.4808 0.6542 0.6580 -0.2757 -0.2512
1305031126.4756 1.2659 0.5780 1.4752 0.6558 0.6573 -0.2756 -0.2489
1305031126.5155 1.2767 0.5773 1.4673 0.6573 0.6579 -0.2746 -0.2445
1305031126.5459 1.2845 0.5771 1.4616 0.6601 0.6577 -0.2713 -0.2411
1305031126.5756 1.2914 0.5775 1.4563 0.6629 0.6573 -0.2670 -0.2390
1305031126.6155 1.3000 0.5778 1.4497 0.6656 0.6575 -0.2629 -0.2356
1305031126.6455 1.3061 0.5785 1.4455 0.6687 0.6553 -0.2614 -0.2347
1305031126.6756 1.3118 0.5792 1.4421 0.6719 0.6529 -0.2603 -0.2335
1305031126.7155 1.3189 0.5803 1.4380 0.6750 0.6510 -0.2587 -0.2316
1305031126.7456 1.3240 0.5809 1.4357 0.6770 0.6484 -0.2595 -0.2323
1305031126.7755 1.3285 0.5816 1.4339 0.6791 0.6468 -0.2589 -0.2311
1305031126.8156 1.3338 0.5827 1.4318 0.6802 0.6454 -0.2576 -0.2332
1305031126.8455 1.3375 0.5834 1.4305 0.6819 0.6443 -0.2553 -0.2340
1305031126.8760 1.3405 0.5842 1.4296 0.6821 0.6437 -0.2548 -0.2353
1305031126.9155 1.3438 0.5852 1.4290 0.6829 0.6435 -0.2522 -0.2366
1305031126.9455 1.3454 0.5859 1.4287 0.6840 0.6423 -0.2528 -0.2360
1305031126.9756 1.3463 0.5862 1.4287 0.6833 0.6425 -0.2545 -0.2357
1305031127.0156 1.3472 0.5866 1.4294 0.6835 0.6423 -0.2552 -0.2349
1305031127.0455 1.3472 0.5869 1.4299 0.6844 0.6417 -0.2551 -0.2339
1305031127.0755 1.3466 0.5869 1.4304 0.6843 0.6419 -0.2553 -0.2334
1305031127.1155 1.3448 0.5867 1.4313 0.6825 0.6419 -0.2602 -0.2334
1305031127.1455 1.3437 0.5863 1.4323 0.6817 0.6419 -0.2631 -0.2323
1305031127.1756 1.3422 0.5862 1.4333 0.6808 0.6427 -0.2646 -0.2314
1305031127.2155 1.3395 0.5862 1.4348 0.6804 0.6426 -0.2655 -0.2315
1305031127.2455 1.3370 0.5860 1.4363 0.6786 0.6432 -0.2669 -0.2334
1305031127.2755 1.3343 0.5859 1.4374 0.6782 0.6432 -0.2674 -0.2342
1305031127.3155 1.3309 0.5858 1.4388 0.6775 0.6449 -0.2666 -0.2324
1305031127.3456 1.3278 0.5856 1.4400 0.6760 0.6444 -0.2700 -0.2343
1305031127.3755 1.3248 0.5857 1.4411 0.6752 0.6444 -0.2715 -0.2347
1305031127.4154 1.3211 0.5853 1.4421 0.6743 0.6458 -0.2716 -0.2335
1305031127.4455 1.3185 0.5850 1.4430 0.6734 0.6456 -0.2734 -0.2344
1305031127.4755 1.3160 0.5846 1.4434 0.6726 0.6463 -0.2741 -0.2340
1305031127.5155 1.3131 0.5841 1.4436 0.6716 0.6476 -0.2741 -0.2333
1305031127.5455 1.3110 0.5839 1.4441 0.6714 0.6470 -0.2754 -0.2340
1305031127.5755 1.3093 0.5839 1.4443 0.6704 0.6476 -0.2764 -0.2341
1305031127.6154 1.3074 0.5839 1.4445 0.6710 0.6476 -0.2757 -0.2331
1305031127.6457 1.3063 0.5841 1.4448 0.6718 0.6469 -0.2760 -0.2324
1305031127.6755 1.3053 0.5842 1.4452 0.6715 0.6465 -0.2773 -0.2327
1305031127.7155 1.3039 0.5839 1.4456 0.6711 0.6473 -0.2773 -0.2318
1305031127.7455 1.3031 0.5838 1.4460 0.6717 0.6470 -0.2770 -0.2313
1305031127.7755 1.3022 0.5834 1.4469 0.6709 0.6466 -0.2787 -0.2328
1305031127.8155 1.3012 0.5828 1.4476 0.6694 0.6474 -0.2796 -0.2338
1305031127.8456 1.3008 0.5823 1.4481 0.6695 0.6476 -0.2789 -0.2338
1305031127.8755 1.3003 0.5817 1.4484 0.6692 0.6478 -0.2791 -0.2338
1305031127.9155 1.2993 0.5812 1.4485 0.6684 0.6485 -0.2797 -0.2335
1305031127.9455 1.2986 0.5811 1.4483 0.6690 0.6494 -0.2782 -0.2310
1305031127.9755 1.2970 0.5810 1.4477 0.6688 0.6496 -0.2787 -0.2302
1305031128.0154 1.2945 0.5815 1.4470 0.6695 0.6500 -0.2773 -0.2290
1305031128.0455 1.2928 0.5820 1.4465 0.6711 0.6493 -0.2758 -0.2279
1305031128.0756 1.2908 0.5827 1.4466 0.6713 0.6491 -0.2759 -0.2277
1305031128.1155 1.2885 0.5834 1.4467 0.6715 0.6486 -0.2769 -0.2275
1305031128.1455 1.2868 0.5842 1.4466 0.6729 0.6479 -0.2767 -0.2256
1305031128.1755 1.2857 0.5846 1.4470 0.6729 0.6466 -0.2786 -0.2270
1305031128.2155 1.2843 0.5850 1.4474 0.6729 0.6461 -0.2794 -0.2272
1305031128.2455 1.2836 0.5851 1.4476 0.6730 0.6461 -0.2797 -0.2267
1305031128.2755 1.2829 0.5851 1.4480 0.6723 0.6463 -0.2804 -0.2272
1305031128.3155 1.2824 0.5850 1.4484 0.6717 0.6461 -0.2814 -0.2286
1305031128.3455 1.2823 0.5845 1.4489 0.6715 0.6469 -0.2800 -0.2284
1305031128.3755 1.2818 0.5839 1.4492 0.6702 0.6482 -0.2800 -0.2287
1305031128.4154 1.2815 0.5832 1.4500 0.6696 0.6489 -0.2793 -0.2292
1305031128.4454 1.2811 0.5827 1.4505 0.6689 0.6498 -0.2791 -0.2292
1305031128.4755 1.2808 0.5823 1.4510 0.6682 0.6504 -0.2792 -0.2293
1305031128.5156 1.2802 0.5820 1.4518 0.6680 0.6505 -0.2787 -0.2302
1305031128.5455 1.2798 0.5821 1.4524 0.6681 0.6505 -0.2780 -0.2306
1305031128.5755 1.2794 0.5822 1.4530 0.6677 0.6501 -0.2786 -0.2322
1305031128.6155 1.2791 0.5821 1.4540 0.6674 0.6500 -0.2796 -0.2324
1305031128.6455 1.2789 0.5819 1.4546 0.6669 0.6507 -0.2802 -0.2311
1305031128.6755 1.2789 0.5818 1.4552 0.6661 0.6511 -0.2812 -0.2308
1305031128.7155 1.2789 0.5816 1.4561 0.6654 0.6510 -0.2816 -0.2326
1305031128.7255 1.2788 0.5815 1.4563 0.6652 0.6510 -0.2817 -0.2332
1305031128.7355 1.2789 0.5814 1.4566 0.6654 0.6517 -0.2801 -0.2325
1305031128.7455 1.2788 0.5814 1.4567 0.6650 0.6515 -0.2806 -0.2334
1305031128.7555 1.2788 0.5813 1.4568 0.6649 0.6517 -0.2803 -0.2336
